1.000000 0
1.065242 1
1.065242 2
1.134645 3
1.134645 4
1.144245 5
1.144245 6
1.205948 7
1.205948 8
1.210842 9
1.210842 10
1.220442 11
1.220442 12
1.230042 13
1.230042 14
1.277948 15
1.277948 16
1.282842 17
1.282842 18
1.292442 19
1.292442 20
1.297336 21
1.297336 22
1.306936 23
1.306936 24
1.311831 25
1.311831 26
1.321431 27
1.321431 28
1.326325 29
1.326325 30
1.359454 31
1.359454 32
1.364348 33
1.364348 34
1.373948 35
1.373948 36
1.378842 37
1.378842 38
1.388442 39
1.393336 40
1.402936 41
1.407831 42
1.417431 43
1.422325 44
1.431925 45
1.465431 26
1.566513 28
1.566513 29
1.637948 30
1.637948 31
1.637948 32
1.642842 33
1.709948 34
1.709948 35
1.709948 36
1.709948 37
1.714842 38
1.724442 39
1.781948 40
1.786842 41
1.796442 42
1.796442 43
1.801336 44
1.810936 46
1.810936 47
1.810936 48
1.810936 49
1.810936 50
1.810936 51
1.810936 52
1.815831 53
1.853948 54
1.902136 55
1.902136 56
1.907031 57
1.907031 58
1.916631 59
1.921525 60
1.931125 61
1.940725 62
1.945619 63
1.959925 64
1.993054 65
1.997948 66
2.007548 67
2.012442 68
2.022042 69
2.022042 70
2.026936 71
2.036536 72
2.050842 73
2.055736 74
2.065336 75
2.089054 76
2.098654 77
2.108254 78
2.117854 79
2.127454 80
2.132348 81
2.132348 82
2.141948 83
2.156254 84
2.165854 85
2.175454 72
2.285384 81
2.285384 82
2.357948 83
2.357948 84
2.357948 85
2.362842 86
2.429948 87
2.429948 88
2.429948 89
2.434842 90
2.444442 91
2.501948 92
2.501948 93
2.506842 94
2.516442 95
2.521336 96
2.530936 97
2.573948 98
2.578842 99
2.588442 100
2.588442 101
2.598042 102
2.602936 103
2.612536 104
2.645948 105
2.650842 106
2.665148 107
2.670042 108
2.670042 109
2.679642 110
2.684536 111
2.698842 112
2.722560 113
2.727454 114
2.741760 115
2.751360 116
2.756254 117
2.765854 118
2.765854 119
2.775454 120
2.785054 121
2.804066 122
2.813666 123
2.827972 124
2.837572 125
2.847172 126
2.856772 127
2.861666 128
2.861666 129
2.871266 130
2.880866 131
2.899878 132
2.909478 133
2.923784 134
2.933384 135
2.942984 136
2.952584 137
2.962184 138
2.967078 139
2.976678 140
2.976678 141
2.986278 142
3.005289 143
3.014889 144
3.024489 145
3.038795 146
3.048395 147
3.057995 148
3.067595 149
3.077195 150
3.086795 151
3.096395 152
3.110701 153
3.120301 141
3.230419 154
3.230419 155
3.301948 156
3.301948 157
3.306842 158
3.306842 159
3.373948 160
3.373948 161
3.378842 162
3.388442 163
3.393336 164
3.445948 165
3.450842 166
3.460442 167
3.460442 168
3.470042 169
3.474936 170
3.517948 171
3.522842 172
3.537148 173
3.542042 174
3.542042 175
3.551642 176
3.556536 177
3.589948 178
3.594842 179
3.609148 180
3.618748 181
3.623642 182
3.633242 183
3.633242 184
3.642842 185
3.666560 186
3.671454 187
3.685760 188
3.695360 189
3.704960 190
3.714560 191
3.724160 192
3.724160 193
3.729054 194
3.748066 195
3.757666 196
3.771972 197
3.781572 198
3.791172 199
3.800772 200
3.815078 201
3.819972 202
3.829572 203
3.829572 204
3.843878 205
3.853478 206
3.867784 207
3.877384 208
3.886984 209
3.896584 210
3.910889 211
3.920489 212
3.930089 213
3.934984 214
3.934984 215
3.949289 216
3.958889 217
3.968489 218
3.982795 219
3.992395 220
