1.000000 0
1.060696 1
1.060696 2
1.130099 3
1.130099 4
1.134993 5
1.134993 6
1.199501 7
1.199501 8
1.204395 9
1.204395 10
1.209289 11
1.209289 12
1.214184 13
1.214184 14
1.268904 15
1.268904 16
1.273798 17
1.273798 18
1.278692 19
1.278692 20
1.283586 21
1.283586 22
1.288480 23
1.288480 24
1.293374 25
1.293374 26
1.298268 27
1.298268 28
1.303162 29
1.303162 30
1.338306 31
1.338306 32
1.343200 33
1.343200 34
1.348094 35
1.348094 36
1.352988 37
1.352988 38
1.357882 39
1.362776 40
1.367671 41
1.372565 42
1.377459 43
1.382353 44
1.387247 45
1.392141 46
1.397035 47
1.401929 48
1.406824 49
1.411718 50
1.416612 51
1.421506 52
1.426400 53
1.431294 54
1.436188 55
1.441082 56
1.445976 57
1.450871 58
1.455765 59
1.460659 60
1.465553 61
1.470447 62
1.475341 63
1.480235 64
1.485129 65
1.490024 66
1.494918 67
1.499812 68
1.504706 69
1.509600 70
1.514494 71
1.519388 72
1.524282 73
1.529176 74
1.534071 75
1.538965 76
1.543859 77
1.548753 78
1.553647 79
1.558541 80
1.563435 81
1.568329 82
1.573224 83
1.578118 84
1.583012 85
1.587906 86
1.592800 87
1.597694 88
1.602588 89
1.607482 90
1.612376 91
1.617271 92
1.622165 93
1.627059 94
1.631953 95
1.636847 96
1.641741 97
1.646635 98
1.651529 99
1.656424 100
1.661318 101
1.666212 102
1.671106 103
1.676000 104
1.680894 105
1.685788 106
1.690682 107
1.695576 108
1.700471 109
1.705365 110
1.710259 111
1.715153 112
1.720047 113
1.724941 114
1.729835 115
1.734729 116
1.739624 117
1.744518 118
1.749412 119
1.754306 120
1.759200 121
1.764094 122
1.768988 123
1.773882 124
1.778776 125
1.783671 126
1.788565 127
1.793459 128
1.798353 129
1.803247 130
1.808141 131
1.813035 132
1.817929 133
1.822824 134
1.827718 135
1.832612 136
1.837506 137
1.842400 138
1.847294 139
1.852188 140
1.857082 141
1.861976 142
1.866871 143
1.871765 144
1.876659 145
1.881553 146
1.886447 147
1.891341 148
1.896235 149
1.901129 150
1.906024 151
1.910918 152
1.915812 153
1.920706 154
1.925600 155
1.930494 156
1.935388 157
1.940282 158
1.945176 159
1.950071 160
1.954965 161
1.959859 162
1.964753 163
1.969647 164
1.974541 165
1.979435 166
1.984329 167
1.989224 168
1.994118 169
1.999012 170
2.003906 171
2.008800 172
2.013694 173
2.018588 174
2.023482 175
2.028376 176
2.033271 177
2.038165 178
2.043059 179
2.047953 180
2.052847 181
2.057741 182
2.062635 183
2.067529 184
2.072424 185
2.077318 186
2.082212 187
2.087106 188
2.092000 189
2.096894 190
2.101788 191
2.106682 192
2.111576 193
2.116471 194
2.121365 195
2.126259 196
2.131153 197
2.136047 198
2.140941 199
2.145835 200
2.150729 201
2.155624 202
2.160518 203
2.165412 204
2.170306 205
2.175200 206
2.180094 207
2.184988 208
2.189882 209
2.194776 210
2.199671 211
2.204565 212
2.209459 213
2.214353 214
2.219247 215
2.224141 216
2.229035 217
2.233929 218
2.238824 219
2.243718 220
2.248612 221
2.253506 222
2.258400 223
2.263294 224
2.268188 225
2.273082 226
2.277976 227
2.282871 228
2.287765 229
2.292659 230
2.297553 231
2.302447 232
2.307341 233
2.312235 234
2.317129 235
2.322024 236
2.326918 237
2.331812 238
2.336706 239
2.341600 240
2.346494 241
2.351388 242
2.356282 243
2.361176 244
2.366071 245
2.370965 246
2.375859 247
2.380753 248
2.385647 249
2.390541 250
2.395435 251
2.400329 252
2.405224 253
2.410118 254
2.415012 255
2.419906 256
2.424800 257
2.429694 258
2.434588 259
2.439482 260
2.444376 261
2.449271 262
2.454165 263
2.459059 264
2.463953 265
2.468847 266
2.473741 267
2.478635 268
2.483529 269
2.488424 270
2.493318 271
2.498212 272
2.503106 273
2.508000 274
2.512894 275
2.517788 276
2.522682 277
2.527576 278
2.532471 279
2.537365 280
2.542259 281
2.547153 282
2.552047 283
2.556941 284
2.561835 285
2.566729 286
2.571624 287
2.576518 288
2.581412 289
2.586306 290
2.591200 291
2.596094 292
2.600988 293
2.605882 294
2.610776 295
2.615671 296
2.620565 297
2.625459 298
2.630353 299
2.635247 300
2.640141 301
2.645035 302
2.649929 303
2.654824 304
2.659718 305
2.664612 306
2.669506 307
2.674400 308
2.679294 309
2.684188 310
2.689082 311
2.693976 312
2.698871 313
2.703765 314
2.708659 315
2.713553 316
2.718447 317
2.723341 318
2.728235 319
2.733129 320
2.738024 321
2.742918 322
2.747812 323
2.752706 324
2.757600 325
2.762494 326
2.767388 327
2.772282 328
2.777176 329
2.782071 330
2.786965 331
2.791859 332
2.796753 333
2.801647 334
2.806541 335
2.811435 336
2.816329 337
2.821224 338
2.826118 339
2.831012 340
2.835906 341
2.840800 342
2.845694 343
2.850588 344
2.855482 345
2.860376 346
2.865271 347
2.870165 348
2.875059 349
2.879953 350
2.884847 351
2.889741 352
2.894635 353
2.899529 354
2.904424 355
2.909318 356
2.914212 357
2.919106 358
2.924000 359
2.928894 360
2.933788 361
2.938682 362
2.943576 363
2.948471 364
2.953365 365
2.958259 366
2.963153 367
2.968047 368
2.972941 369
2.977835 370
2.982729 371
2.987624 372
2.992518 373
2.997412 374
3.002306 375
3.007200 376
3.012094 377
3.016988 378
3.021882 379
3.026776 380
3.031671 381
3.036565 382
3.041459 383
3.046353 384
3.051247 385
3.056141 386
3.061035 387
3.065929 388
3.070824 389
3.075718 390
3.080612 391
3.085506 392
3.090400 393
3.095294 394
3.100188 395
3.105082 396
3.109976 397
3.114871 398
3.119765 399
3.124659 400
3.129553 401
3.134447 402
3.139341 403
3.144235 404
3.149129 405
3.154024 406
3.158918 407
3.163812 408
3.168706 409
3.173600 410
3.178494 411
3.183388 412
3.188282 413
3.193176 414
3.198071 415
3.202965 416
3.207859 417
3.212753 418
3.217647 419
3.222541 420
3.227435 421
3.232329 422
3.237224 423
3.242118 424
3.247012 425
3.251906 426
3.256800 427
3.261694 428
3.266588 429
3.271482 430
3.276376 431
3.281271 432
3.286165 433
3.291059 434
3.295953 435
3.300847 436
3.305741 437
3.310635 438
3.315529 439
3.320424 440
3.325318 441
3.330212 442
3.335106 443
3.340000 444
3.344894 445
3.349788 446
3.354682 447
3.359576 448
3.364471 449
3.369365 450
3.374259 451
3.379153 452
3.384047 453
3.388941 454
3.393835 455
3.398729 456
3.403624 457
3.408518 458
3.413412 459
3.418306 460
3.423200 461
3.428094 462
3.432988 463
3.437882 464
3.442776 465
3.447671 466
3.452565 467
3.457459 468
3.462353 469
3.467247 470
3.472141 471
3.477035 472
3.481929 473
3.486824 474
3.491718 475
3.496612 476
3.501506 477
3.506400 478
3.511294 479
3.516188 480
3.521082 481
3.525976 482
3.530871 483
3.535765 484
3.540659 485
3.545553 486
3.550447 487
3.555341 488
3.560235 489
3.565129 490
3.570024 491
3.574918 492
3.579812 493
3.584706 494
3.589600 495
3.594494 496
3.599388 497
3.604282 498
3.609176 499
3.614071 500
3.618965 501
3.623859 502
3.628753 503
3.633647 504
3.638541 505
3.643435 506
3.648329 507
3.653224 508
3.658118 509
3.663012 510
3.667906 511
3.672800 512
3.677694 513
3.682588 514
3.687482 515
3.692376 516
3.697271 517
3.702165 518
3.707059 519
3.711953 520
3.716847 521
3.721741 522
3.726635 523
3.731529 524
3.736424 525
3.741318 526
3.746212 527
3.751106 528
3.756000 529
3.760894 530
3.765788 531
3.770682 532
3.775576 533
3.780471 534
3.785365 535
3.790259 536
3.795153 537
3.800047 538
3.804941 539
3.809835 540
3.814729 541
3.819624 542
3.824518 543
3.829412 544
3.834306 545
3.839200 546
3.844094 547
3.848988 548
3.853882 549
3.858776 550
3.863671 551
3.868565 552
3.873459 553
3.878353 554
3.883247 555
3.888141 556
3.893035 557
3.897929 558
3.902824 559
3.907718 560
3.912612 561
3.917506 562
3.922400 563
3.927294 564
3.932188 565
3.937082 566
3.941976 567
3.946871 568
3.951765 569
3.956659 570
3.961553 571
3.966447 572
3.971341 573
3.976235 574
3.981129 575
3.986024 576
3.990918 577
3.995812 578
