0.100000 0
0.108000 1
0.116000 2
0.124000 3
0.132000 4
0.140000 5
0.148000 6
0.156000 7
0.164000 8
0.172000 9
0.180000 10
0.188000 11
0.196000 12
0.204000 13
0.212000 14
0.220000 15
0.228000 16
0.236000 17
0.244000 18
0.252000 19
0.260000 20
0.268000 21
0.276000 22
0.284000 23
0.292000 24
0.300000 25
0.308000 26
0.316000 27
0.324000 28
0.332000 29
0.340000 30
0.348000 31
0.356000 32
0.364000 33
0.372000 34
0.380000 35
0.388000 36
0.396000 37
0.404000 38
0.412000 39
0.420000 40
0.428000 41
0.436000 42
0.444000 43
0.452000 44
0.460000 45
0.468000 46
0.476000 47
0.484000 48
0.492000 49
0.500000 50
0.508000 51
0.516000 52
0.524000 53
0.532000 54
0.540000 55
0.548000 56
0.556000 57
0.564000 58
0.572000 59
0.580000 60
0.588000 61
0.596000 62
0.604000 63
0.612000 64
0.620000 65
0.628000 66
0.636000 67
0.644000 68
0.652000 69
0.660000 70
0.668000 71
0.676000 72
0.684000 73
0.692000 74
0.700000 75
0.708000 76
0.716000 77
0.724000 78
0.732000 79
0.740000 80
0.748000 81
0.756000 82
0.764000 83
0.772000 84
0.780000 85
0.788000 86
0.796000 87
0.804000 88
0.812000 89
0.820000 90
0.828000 91
0.836000 92
0.844000 93
0.852000 94
0.860000 95
0.868000 96
0.876000 97
0.884000 98
0.892000 99
0.900000 100
0.908000 101
0.916000 102
0.924000 103
0.932000 104
0.940000 105
0.948000 106
0.956000 107
0.964000 108
0.972000 109
0.980000 110
0.988000 111
0.996000 112
1.004000 113
1.012000 114
1.020000 115
1.028000 116
1.036000 117
1.044000 118
1.052000 119
1.060000 120
1.068000 121
1.076000 122
1.084000 123
1.092000 124
1.100000 125
1.108000 126
1.116000 127
1.124000 128
1.132000 129
1.140000 130
1.148000 131
1.156000 132
1.164000 133
1.172000 134
1.180000 135
1.188000 136
1.196000 137
1.204000 138
1.212000 139
1.220000 140
1.228000 141
1.236000 142
1.244000 143
1.252000 144
1.260000 145
1.268000 146
1.276000 147
1.284000 148
1.292000 149
1.300000 150
1.308000 151
1.316000 152
1.324000 153
1.332000 154
1.340000 155
1.348000 156
1.356000 157
1.364000 158
1.372000 159
1.380000 160
1.388000 161
1.396000 162
1.404000 163
1.412000 164
1.420000 165
1.428000 166
1.436000 167
1.444000 168
1.452000 169
1.460000 170
1.468000 171
1.476000 172
1.484000 173
1.492000 174
1.500000 175
1.508000 176
1.516000 177
1.524000 178
1.532000 179
1.540000 180
1.548000 181
1.556000 182
1.564000 183
1.572000 184
1.580000 185
1.588000 186
1.596000 187
1.604000 188
1.612000 189
1.620000 190
1.628000 191
1.636000 192
1.644000 193
1.652000 194
1.660000 195
1.668000 196
1.676000 197
1.684000 198
1.692000 199
1.700000 200
1.708000 201
1.716000 202
1.724000 203
1.732000 204
1.740000 205
1.748000 206
1.756000 207
1.764000 208
1.772000 209
1.780000 210
1.788000 211
1.796000 212
1.804000 213
1.812000 214
1.820000 215
1.828000 216
1.836000 217
1.844000 218
1.852000 219
1.860000 220
1.868000 221
1.876000 222
1.884000 223
1.892000 224
1.900000 225
1.908000 226
1.916000 227
1.924000 228
1.932000 229
1.940000 230
1.948000 231
1.956000 232
1.964000 233
1.972000 234
1.980000 235
1.988000 236
1.996000 237
2.004000 238
2.012000 239
2.020000 240
2.028000 241
2.036000 242
2.044000 243
2.052000 244
2.060000 245
2.068000 246
2.076000 247
2.084000 248
2.092000 249
2.100000 250
2.108000 251
2.116000 252
2.124000 253
2.132000 254
2.140000 255
2.148000 256
2.156000 257
2.164000 258
2.172000 259
2.180000 260
2.188000 261
2.196000 262
2.204000 263
2.212000 264
2.220000 265
2.228000 266
2.236000 267
2.244000 268
2.252000 269
2.260000 270
2.268000 271
2.276000 272
2.284000 273
2.292000 274
2.300000 275
2.308000 276
2.316000 277
2.324000 278
2.332000 279
2.340000 280
2.348000 281
2.356000 282
2.364000 283
2.372000 284
2.380000 285
2.388000 286
2.396000 287
2.404000 288
2.412000 289
2.420000 290
2.428000 291
2.436000 292
2.444000 293
2.452000 294
2.460000 295
2.468000 296
2.476000 297
2.484000 298
2.492000 299
2.500000 300
2.508000 301
2.516000 302
2.524000 303
2.532000 304
2.540000 305
2.548000 306
2.556000 307
2.564000 308
2.572000 309
2.580000 310
2.588000 311
2.596000 312
2.604000 313
2.612000 314
2.620000 315
2.628000 316
2.636000 317
2.644000 318
2.652000 319
2.660000 320
2.668000 321
2.676000 322
2.684000 323
2.692000 324
2.700000 325
2.708000 326
2.716000 327
2.724000 328
2.732000 329
2.740000 330
2.748000 331
2.756000 332
2.764000 333
2.772000 334
2.780000 335
2.788000 336
2.796000 337
2.804000 338
2.812000 339
2.820000 340
2.828000 341
2.836000 342
2.844000 343
2.852000 344
2.860000 345
2.868000 346
2.876000 347
2.884000 348
2.892000 349
2.900000 350
2.908000 351
2.916000 352
2.924000 353
2.932000 354
2.940000 355
2.948000 356
2.956000 357
2.964000 358
2.972000 359
2.980000 360
2.988000 361
2.996000 362
3.004000 363
3.012000 364
3.020000 365
3.028000 366
3.036000 367
3.044000 368
3.052000 369
3.060000 370
3.068000 371
3.076000 372
3.084000 373
3.092000 374
3.100000 375
3.108000 376
3.116000 377
3.124000 378
3.132000 379
3.140000 380
3.148000 381
3.156000 382
3.164000 383
3.172000 384
3.180000 385
3.188000 386
3.196000 387
3.204000 388
3.212000 389
3.220000 390
3.228000 391
3.236000 392
3.244000 393
3.252000 394
3.260000 395
3.268000 396
3.276000 397
3.284000 398
3.292000 399
3.300000 400
3.308000 401
3.316000 402
3.324000 403
3.332000 404
3.340000 405
3.348000 406
3.356000 407
3.364000 408
3.372000 409
3.380000 410
3.388000 411
3.396000 412
3.404000 413
3.412000 414
3.420000 415
3.428000 416
3.436000 417
3.444000 418
3.452000 419
3.460000 420
3.468000 421
3.476000 422
3.484000 423
3.492000 424
3.500000 425
3.508000 426
3.516000 427
3.524000 428
3.532000 429
3.540000 430
3.548000 431
3.556000 432
3.564000 433
3.572000 434
3.580000 435
3.588000 436
3.596000 437
3.604000 438
3.612000 439
3.620000 440
3.628000 441
3.636000 442
3.644000 443
3.652000 444
3.660000 445
3.668000 446
3.676000 447
3.684000 448
3.692000 449
3.700000 450
3.708000 451
3.716000 452
3.724000 453
3.732000 454
3.740000 455
3.748000 456
3.756000 457
3.764000 458
3.772000 459
3.780000 460
3.788000 461
3.796000 462
3.804000 463
3.812000 464
3.820000 465
3.828000 466
3.836000 467
3.844000 468
3.852000 469
3.860000 470
3.868000 471
3.876000 472
3.884000 473
3.892000 474
3.900000 475
3.908000 476
3.916000 477
3.924000 478
3.932000 479
3.940000 480
3.948000 481
3.956000 482
3.964000 483
3.972000 484
3.980000 485
3.988000 486
3.996000 487
4.004000 488
4.012000 489
4.020000 490
4.028000 491
4.036000 492
4.044000 493
4.052000 494
4.060000 495
4.068000 496
4.076000 497
4.084000 498
4.092000 499
4.100000 500
4.108000 501
4.116000 502
4.124000 503
4.132000 504
4.140000 505
4.148000 506
4.156000 507
4.164000 508
4.172000 509
4.180000 510
4.188000 511
4.196000 512
4.204000 513
4.212000 514
4.220000 515
4.228000 516
4.236000 517
4.244000 518
4.252000 519
4.260000 520
4.268000 521
4.276000 522
4.284000 523
4.292000 524
4.300000 525
4.308000 526
4.316000 527
4.324000 528
4.332000 529
4.340000 530
4.348000 531
4.356000 532
4.364000 533
4.372000 534
4.380000 535
4.388000 536
4.396000 537
4.404000 538
4.412000 539
4.420000 540
4.428000 541
4.436000 542
4.444000 543
4.452000 544
4.460000 545
4.468000 546
4.476000 547
4.484000 548
4.492000 549
