1.000000 0
1.020320 1
1.020320 2
1.044640 3
1.044640 4
1.048800 5
1.048800 6
1.068960 7
1.068960 8
1.073120 9
1.073120 10
1.077280 11
1.077280 12
1.081440 13
1.081440 14
1.093280 15
1.093280 16
1.097440 17
1.097440 18
1.101600 19
1.101600 20
1.105760 21
1.105760 22
1.109920 23
1.109920 24
1.114080 25
1.114080 26
1.118240 27
1.118240 28
1.122400 29
1.122400 30
1.126560 31
1.126560 32
1.130720 33
1.130720 34
1.134880 35
1.134880 36
1.139040 37
1.139040 38
1.143200 39
1.147360 40
1.151520 41
1.155680 42
1.159840 43
1.164000 44
1.168160 45
1.172320 46
1.176480 47
1.180640 48
1.184800 49
1.188960 50
1.193120 51
1.197280 52
1.201440 53
1.205600 54
1.209760 55
1.213920 56
1.218080 57
1.222240 58
1.226400 59
1.230560 60
1.234720 61
1.238880 62
1.243040 63
1.247200 64
1.251360 65
1.255520 66
1.259680 67
1.263840 68
1.268000 69
1.272160 70
1.276320 71
1.280480 72
1.284640 73
1.288800 74
1.292960 75
1.297120 76
1.301280 77
1.305440 78
1.309600 79
1.313760 80
1.317920 81
1.322080 82
1.326240 83
1.330400 84
1.334560 85
1.338720 86
1.342880 87
1.347040 88
1.351200 89
1.355360 90
1.359520 91
1.363680 92
1.367840 93
1.372000 94
1.376160 95
1.380320 96
1.384480 97
1.388640 98
1.392800 99
1.396960 100
1.401120 101
1.405280 102
1.409440 103
1.413600 104
1.417760 105
1.421920 106
1.426080 107
1.430240 108
1.434400 109
1.438560 110
1.442720 111
1.446880 112
1.451040 113
1.455200 114
1.459360 115
1.463520 116
1.467680 117
1.471840 118
1.476000 119
1.480160 120
1.484320 121
1.488480 122
1.492640 123
1.496800 124
1.500960 125
1.505120 126
1.509280 127
1.513440 128
1.517600 129
1.521760 130
1.525920 131
1.530080 132
1.534240 133
1.538400 134
1.542560 135
1.546720 136
1.550880 137
1.555040 138
1.559200 139
1.563360 140
1.567520 141
1.571680 142
1.575840 143
1.580000 144
1.584160 145
1.588320 146
1.592480 147
1.596640 148
1.600800 149
1.604960 150
1.609120 151
1.613280 152
1.617440 153
1.621600 154
1.625760 155
1.629920 156
1.634080 157
1.638240 158
1.642400 159
1.646560 160
1.650720 161
1.654880 162
1.659040 163
1.663200 164
1.667360 165
1.671520 166
1.675680 167
1.679840 168
1.684000 169
1.688160 170
1.692320 171
1.696480 172
1.700640 173
1.704800 174
1.708960 175
1.713120 176
1.717280 177
1.721440 178
1.725600 179
1.729760 180
1.733920 181
1.738080 182
1.742240 183
1.746400 184
1.750560 185
1.754720 186
1.758880 187
1.763040 188
1.767200 189
1.771360 190
1.775520 191
1.779680 192
1.783840 193
1.788000 194
1.792160 195
1.796320 196
1.800480 197
1.804640 198
1.808800 199
1.812960 200
1.817120 201
1.821280 202
1.825440 203
1.829600 204
1.833760 205
1.837920 206
1.842080 207
1.846240 208
1.850400 209
1.854560 210
1.858720 211
1.862880 212
1.867040 213
1.871200 214
1.875360 215
1.879520 216
1.883680 217
1.887840 218
1.892000 219
1.896160 220
1.900320 221
1.904480 222
1.908640 223
1.912800 224
1.916960 225
1.921120 226
1.925280 227
1.929440 228
1.933600 229
1.937760 230
1.941920 231
1.946080 232
1.950240 233
1.954400 234
1.958560 235
1.962720 236
1.966880 237
1.971040 238
1.975200 239
1.979360 240
1.983520 241
1.987680 242
1.991840 243
1.996000 244
2.000160 245
2.004320 246
2.008480 247
2.012640 248
2.016800 249
2.020960 250
2.025120 251
2.029280 252
2.033440 253
2.037600 254
2.041760 255
2.045920 256
2.050080 257
2.054240 258
2.058400 259
2.062560 260
2.066720 261
2.070880 262
2.075040 263
2.079200 264
2.083360 265
2.087520 266
2.091680 267
2.095840 268
2.100000 269
2.104160 270
2.108320 271
2.112480 272
2.116640 273
2.120800 274
2.124960 275
2.129120 276
2.133280 277
2.137440 278
2.141600 279
2.145760 280
2.149920 281
2.154080 282
2.158240 283
2.162400 284
2.166560 285
2.170720 286
2.174880 287
2.179040 288
2.183200 289
2.187360 290
2.191520 291
2.195680 292
2.199840 293
2.204000 294
2.208160 295
2.212320 296
2.216480 297
2.220640 298
2.224800 299
2.228960 300
2.233120 301
2.237280 302
2.241440 303
2.245600 304
2.249760 305
2.253920 306
2.258080 307
2.262240 308
2.266400 309
2.270560 310
2.274720 311
2.278880 312
2.283040 313
2.287200 314
2.291360 315
2.295520 316
2.299680 317
2.303840 318
2.308000 319
2.312160 320
2.316320 321
2.320480 322
2.324640 323
2.328800 324
2.332960 325
2.337120 326
2.341280 327
2.345440 328
2.349600 329
2.353760 330
2.357920 331
2.362080 332
2.366240 333
2.370400 334
2.374560 335
2.378720 336
2.382880 337
2.387040 338
2.391200 339
2.395360 340
2.399520 341
2.403680 342
2.407840 343
2.412000 344
2.416160 345
2.420320 346
2.424480 347
2.428640 348
2.432800 349
2.436960 350
2.441120 351
2.445280 352
2.449440 353
2.453600 354
2.457760 355
2.461920 356
2.466080 357
2.470240 358
2.474400 359
2.478560 360
2.482720 361
2.486880 362
2.491040 363
2.495200 364
2.499360 365
2.503520 366
2.507680 367
2.511840 368
2.516000 369
2.520160 370
2.524320 371
2.528480 372
2.532640 373
2.536800 374
2.540960 375
2.545120 376
2.549280 377
2.553440 378
2.557600 379
2.561760 380
2.565920 381
2.570080 382
2.574240 383
2.578400 384
2.582560 385
2.586720 386
2.590880 387
2.595040 388
2.599200 389
2.603360 390
2.607520 391
2.611680 392
2.615840 393
2.620000 394
2.624160 395
2.628320 396
2.632480 397
2.636640 398
2.640800 399
2.644960 400
2.649120 401
2.653280 402
2.657440 403
2.661600 404
2.665760 405
2.669920 406
2.674080 407
2.678240 408
2.682400 409
2.686560 410
2.690720 411
2.694880 412
2.699040 413
2.703200 414
2.707360 415
2.711520 416
2.715680 417
2.719840 418
2.724000 419
2.728160 420
2.732320 421
2.736480 422
2.740640 423
2.744800 424
2.748960 425
2.753120 426
2.757280 427
2.761440 428
2.765600 429
2.769760 430
2.773920 431
2.778080 432
2.782240 433
2.786400 434
2.790560 435
2.794720 436
2.798880 437
2.803040 438
2.807200 439
2.811360 440
2.815520 441
2.819680 442
2.823840 443
2.828000 444
2.832160 445
2.836320 446
2.840480 447
2.844640 448
2.848800 449
2.852960 450
2.857120 451
2.861280 452
2.865440 453
2.869600 454
2.873760 455
2.877920 456
2.882080 457
2.886240 458
2.890400 459
2.894560 460
2.898720 461
2.902880 462
2.907040 463
2.911200 464
2.915360 465
2.919520 466
2.923680 467
2.927840 468
2.932000 469
2.936160 470
2.940320 471
2.944480 472
2.948640 473
2.952800 474
2.956960 475
2.961120 476
2.965280 477
2.969440 478
2.973600 479
2.977760 480
2.981920 481
2.986080 482
2.990240 483
2.994400 484
2.998560 485
3.002720 486
3.006880 487
3.011040 488
3.015200 489
3.019360 490
3.023520 491
3.027680 492
3.031840 493
3.036000 494
3.040160 495
3.044320 496
3.048480 497
3.052640 498
3.056800 499
3.060960 500
3.065120 501
3.069280 502
3.073440 503
3.077600 504
3.081760 505
3.085920 506
3.090080 507
3.094240 508
3.098400 509
3.102560 510
3.106720 511
3.110880 512
3.115040 513
3.119200 514
3.123360 515
3.127520 516
3.131680 517
3.135840 518
3.140000 519
3.144160 520
3.148320 521
3.152480 522
3.156640 523
3.160800 524
3.164960 525
3.169120 526
3.173280 527
3.177440 528
3.181600 529
3.185760 530
3.189920 531
3.194080 532
3.198240 533
3.202400 534
3.206560 535
3.210720 536
3.214880 537
3.219040 538
3.223200 539
3.227360 540
3.231520 541
3.235680 542
3.239840 543
3.244000 544
3.248160 545
3.252320 546
3.256480 547
3.260640 548
3.264800 549
3.268960 550
3.273120 551
3.277280 552
3.281440 553
3.285600 554
3.289760 555
3.293920 556
3.298080 557
3.302240 558
3.306400 559
3.310560 560
3.314720 561
3.318880 562
3.323040 563
3.327200 564
3.331360 565
3.335520 566
3.339680 567
3.343840 568
3.348000 569
3.352160 570
3.356320 571
3.360480 572
3.364640 573
3.368800 574
3.372960 575
3.377120 576
3.381280 577
3.385440 578
3.389600 579
3.393760 580
3.397920 581
3.402080 582
3.406240 583
3.410400 584
3.414560 585
3.418720 586
3.422880 587
3.427040 588
3.431200 589
3.435360 590
3.439520 591
3.443680 592
3.447840 593
3.452000 594
3.456160 595
3.460320 596
3.464480 597
3.468640 598
3.472800 599
3.476960 600
3.481120 601
3.485280 602
3.489440 603
3.493600 604
3.497760 605
3.501920 606
3.506080 607
3.510240 608
3.514400 609
3.518560 610
3.522720 611
3.526880 612
3.531040 613
3.535200 614
3.539360 615
3.543520 616
3.547680 617
3.551840 618
3.556000 619
3.560160 620
3.564320 621
3.568480 622
3.572640 623
3.576800 624
3.580960 625
3.585120 626
3.589280 627
3.593440 628
3.597600 629
3.601760 630
3.605920 631
3.610080 632
3.614240 633
3.618400 634
3.622560 635
3.626720 636
3.630880 637
3.635040 638
3.639200 639
3.643360 640
3.647520 641
3.651680 642
3.655840 643
3.660000 644
3.664160 645
3.668320 646
3.672480 647
3.676640 648
3.680800 649
3.684960 650
3.689120 651
3.693280 652
3.697440 653
3.701600 654
3.705760 655
3.709920 656
3.714080 657
3.718240 658
3.722400 659
3.726560 660
3.730720 661
3.734880 662
3.739040 663
3.743200 664
3.747360 665
3.751520 666
3.755680 667
3.759840 668
3.764000 669
3.768160 670
3.772320 671
3.776480 672
3.780640 673
3.784800 674
3.788960 675
3.793120 676
3.797280 677
3.801440 678
3.805600 679
3.809760 680
3.813920 681
3.818080 682
3.822240 683
3.826400 684
3.830560 685
3.834720 686
3.838880 687
3.843040 688
3.847200 689
3.851360 690
3.855520 691
3.859680 692
3.863840 693
3.868000 694
3.872160 695
3.876320 696
3.880480 697
3.884640 698
3.888800 699
3.892960 700
3.897120 701
3.901280 702
3.905440 703
3.909600 704
3.913760 705
3.917920 706
3.922080 707
3.926240 708
3.930400 709
3.934560 710
3.938720 711
3.942880 712
3.947040 713
3.951200 714
3.955360 715
3.959520 716
3.963680 717
3.967840 718
3.972000 719
3.976160 720
3.980320 721
3.984480 722
3.988640 723
3.992800 724
3.996960 725
