1.01	0.00
1.04	9.85
1.05	235.81
1.08	260.44
1.08	364.90
1.08	457.52
1.09	540.21
1.13	436.72
1.13	491.28
1.13	542.15
1.14	589.71
1.14	634.26
1.15	676.09
1.18	578.02
1.19	611.36
1.19	643.17
1.20	673.56
1.20	702.61
1.20	730.42
1.23	698.44
1.23	723.16
1.25	685.08
1.26	707.18
1.29	664.35
1.29	684.18
1.29	703.43
1.30	722.13
1.33	682.12
1.33	699.15
1.34	715.76
1.34	731.94
1.34	747.73
1.35	763.12
1.39	709.24
1.39	723.37
1.39	737.19
1.40	750.72
1.40	763.96
1.41	776.93
1.44	743.33
1.57	580.17
1.60	565.61
1.60	575.67
1.64	558.37
1.64	567.88
1.65	577.26
1.65	586.53
1.69	566.36
1.69	575.12
1.69	583.78
1.70	592.33
1.74	569.99
1.74	578.09
1.75	586.09
1.75	594.01
1.76	601.84
1.80	580.65
1.80	588.09
1.81	595.46
1.81	602.76
1.82	609.97
1.86	589.84
1.86	596.73
1.87	603.55
1.87	610.31
1.87	617.01
1.89	617.72
1.89	624.25
1.89	630.72
1.90	637.13
1.92	629.27
1.93	635.49
1.95	630.27
1.95	636.32
1.96	642.31
1.98	634.37
1.99	640.20
1.99	645.97
1.99	651.70
2.02	641.18
2.03	646.73
2.03	652.25
2.04	657.72
2.04	663.14
2.07	650.20
2.08	655.47
2.08	660.69
2.09	665.87
2.09	671.02
2.13	655.97
2.13	660.96
2.14	665.91
2.14	670.82
2.14	675.70
2.15	680.55
2.19	665.94
2.19	670.65
2.19	675.32
2.20	679.96
2.20	684.57
2.21	689.15
2.24	674.97
2.25	679.43
2.25	683.85
2.26	688.25
2.26	692.61
2.28	685.92
2.29	690.20
2.31	685.89
2.31	690.09
2.32	694.26
2.34	689.65
2.34	693.74
2.35	697.81
2.35	701.85
2.37	697.24
2.38	701.21
2.38	705.15
2.38	709.08
2.39	712.97
2.41	706.22
2.42	710.04
2.42	713.85
2.43	717.63
2.43	721.39
2.46	712.63
2.46	716.32
2.47	719.98
2.47	723.63
2.48	727.25
2.48	730.86
2.51	720.20
2.52	723.74
2.52	727.25
2.53	730.75
2.53	734.23
2.53	737.68
2.54	741.12
2.57	730.65
2.57	734.02
2.58	737.38
2.58	740.72
2.59	744.04
2.59	747.34
2.60	750.63
2.63	740.34
2.63	743.57
2.64	746.78
2.64	749.98
2.65	753.16
2.65	756.32
2.67	750.26
2.68	753.38
2.70	749.31
2.70	752.39
2.71	755.45
2.71	758.49
2.73	754.16
2.74	757.16
2.74	760.15
2.74	763.13
2.77	758.82
2.77	761.76
2.77	764.68
2.78	767.59
2.78	770.48
2.81	764.41
2.81	767.26
2.81	770.10
2.82	772.93
2.82	775.75
2.83	778.55
2.86	770.78
2.86	773.54
2.86	776.29
2.87	779.03
2.87	781.76
2.88	784.47
2.88	787.17
2.91	777.79
2.92	780.45
2.92	783.10
2.93	785.74
2.93	788.37
2.94	790.99
2.94	793.60
2.97	784.38
2.98	786.95
2.98	789.51
2.99	792.06
2.99	794.60
2.99	797.13
3.00	799.65
3.03	790.59
3.06	785.26
3.06	787.73
3.08	784.07
3.08	786.51
3.09	788.94
3.09	791.36
3.11	787.49
3.12	789.89
3.12	792.27
3.13	794.64
3.15	790.80
3.15	793.15
3.15	795.49
3.16	797.83
3.16	800.15
3.19	794.80
3.19	797.10
3.20	799.39
3.20	801.67
3.20	803.94
3.21	806.20
3.24	799.40
3.24	801.63
3.25	803.86
3.25	806.09
3.25	808.30
3.26	810.50
3.26	812.70
3.30	804.51
3.30	806.68
3.30	808.84
3.31	811.00
3.31	813.15
3.32	815.29
3.32	817.42
3.35	809.36
3.36	811.47
3.36	813.58
3.37	815.67
3.37	817.76
3.38	819.84
3.38	821.91
3.41	813.99
3.44	809.26
3.44	811.29
3.46	808.02
3.47	810.04
3.47	812.05
3.47	814.05
3.49	810.59
3.50	812.58
3.50	814.56
3.51	816.53
3.53	813.09
3.53	815.05
3.54	817.00
3.54	818.95
3.54	820.89
3.57	816.13
3.57	818.05
3.58	819.97
3.58	821.88
3.59	823.78
3.59	825.67
3.62	819.65
3.62	821.53
3.63	823.40
3.63	825.27
3.64	827.13
3.64	828.98
3.64	830.83
3.68	823.59
3.68	825.42
3.69	827.24
3.69	829.06
3.69	830.88
3.70	832.69
3.70	834.49
3.74	827.36
3.74	829.14
3.74	830.92
3.75	832.70
3.75	834.47
3.76	836.24
3.76	838.00
3.79	830.97
3.82	826.73
3.82	828.47
3.84	825.51
3.85	827.23
3.85	828.95
3.86	830.66
3.88	827.54
3.88	829.24
3.88	830.93
3.89	832.62
3.91	829.52
3.91	831.19
3.92	832.87
3.92	834.53
3.93	836.20
3.95	831.93
3.96	833.58
3.96	835.22
3.96	836.86
3.97	838.50
3.97	840.13
4.00	834.73
4.01	836.35
4.01	837.97
4.01	839.58
4.02	841.18
4.02	842.78
4.03	844.38
4.06	837.89
4.06	839.47
4.07	841.05
4.07	842.63
4.08	844.20
4.08	845.76
4.08	847.33
4.12	840.93
4.12	842.48
4.13	844.02
4.13	845.57
4.13	847.10
4.14	848.64
4.14	850.17
4.18	843.86
4.20	840.03
4.20	841.54
4.22	838.85
4.23	840.35
4.23	841.85
4.24	843.34
4.26	840.50
4.26	841.99
4.27	843.47
4.27	844.94
4.29	842.12
4.29	843.59
4.30	845.05
4.30	846.51
4.31	847.96
4.33	844.10
4.34	845.54
4.34	846.99
4.34	848.42
4.35	849.86
4.35	851.29
4.38	846.41
4.39	847.83
4.39	849.25
4.39	850.66
4.40	852.07
4.40	853.48
4.41	854.88
4.44	849.01
4.44	850.41
4.45	851.80
4.45	853.19
4.46	854.57
4.46	855.95
4.47	857.33
4.50	851.53
4.50	852.90
4.51	854.27
4.51	855.63
4.52	856.99
4.52	858.34
4.52	859.69
4.56	853.97
4.58	850.49
4.59	851.82
4.61	849.36
4.61	850.69
4.61	852.02
4.62	853.34
4.64	850.74
4.64	852.06
4.65	853.37
4.65	854.68
4.67	852.10
4.68	853.40
4.68	854.70
4.68	856.00
4.69	857.29
4.71	853.76
4.72	855.05
4.72	856.33
4.73	857.61
4.73	858.89
4.73	860.16
4.76	855.71
4.77	856.97
4.77	858.24
4.78	859.50
4.78	860.76
4.78	862.01
4.79	863.26
4.82	857.91
4.83	859.16
4.83	860.40
4.83	861.64
4.84	862.87
4.84	864.11
4.85	865.34
4.88	860.05
4.88	861.27
4.89	862.49
4.89	863.71
4.90	864.93
4.90	866.14
4.91	867.35
4.94	862.12
4.96	858.92
4.97	860.12
4.99	857.86
4.99	859.05
5.00	860.24
5.00	861.43
5.02	859.04
5.02	860.22
5.03	861.40
5.03	862.58
5.05	860.20
5.06	861.37
5.06	862.54
5.07	863.70
5.07	864.87
5.10	861.62
5.10	862.78
5.10	863.93
5.11	865.09
5.11	866.24
5.12	867.39
5.15	863.29
5.15	864.43
5.15	865.57
5.16	866.71
5.16	867.85
5.17	868.98
5.17	870.11
5.20	865.19
5.21	866.31
5.21	867.44
5.22	868.56
5.22	869.67
5.22	870.79
5.23	871.90
5.26	867.04
5.27	868.14
5.27	869.25
5.27	870.35
5.28	871.45
5.28	872.55
5.29	873.65
5.32	868.83
5.34	865.88
5.35	866.96
5.37	864.86
5.37	865.95
5.38	867.03
5.38	868.10
5.40	865.89
5.41	866.96
5.41	868.03
5.41	869.10
5.44	866.90
5.44	867.96
5.44	869.02
5.45	870.08
5.45	871.14
5.48	868.14
5.48	869.19
5.49	870.24
5.49	871.29
5.49	872.34
5.50	873.38
5.53	869.59
5.53	870.63
5.53	871.67
5.54	872.71
5.54	873.74
5.55	874.78
5.55	875.81
5.58	871.25
5.59	872.28
5.59	873.30
5.60	874.32
5.60	875.34
5.61	876.36
5.61	877.38
5.64	872.87
5.65	873.88
5.65	874.89
5.66	875.90
5.66	876.91
5.66	877.91
5.67	878.91
5.70	874.45
5.73	871.70
5.73	872.70
5.75	870.74
5.75	871.73
5.76	872.72
5.76	873.71
5.78	871.64
5.79	872.63
5.79	873.61
5.80	874.59
5.82	872.53
5.82	873.51
5.82	874.48
5.83	875.45
5.83	876.42
5.86	873.63
5.86	874.59
5.87	875.56
5.87	876.52
5.87	877.48
5.88	878.44
5.91	874.91
5.91	875.87
5.92	876.82
5.92	877.77
5.92	878.72
5.93	879.67
5.93	880.62
5.97	876.38
5.97	877.33
5.97	878.27
5.98	879.21
5.98	880.14
5.99	881.08
5.99	882.01
6.02	877.82
6.03	878.75
6.03	879.68
6.04	880.61
6.04	881.53
6.05	882.46
6.05	883.38
6.08	879.22
6.11	876.66
6.11	877.58
6.13	875.75
6.14	876.66
6.14	877.57
6.14	878.48
6.16	876.55
6.17	877.45
6.17	878.36
6.18	879.26
6.20	877.34
6.20	878.24
6.21	879.14
6.21	880.03
6.21	880.93
6.24	878.32
6.24	879.21
6.25	880.10
6.25	880.99
6.26	881.87
6.26	882.76
6.29	879.47
6.29	880.35
6.30	881.23
6.30	882.11
6.31	882.99
6.31	883.86
6.31	884.74
6.35	880.78
6.35	881.65
6.36	882.52
6.36	883.39
6.36	884.26
6.37	885.13
6.37	885.99
6.41	882.07
6.41	882.93
6.41	883.79
6.42	884.65
6.42	885.51
6.43	886.36
6.43	887.22
6.46	883.33
6.49	880.93
6.49	881.77
6.51	880.06
6.52	880.90
6.52	881.75
6.53	882.59
6.55	880.78
6.55	881.62
6.55	882.46
6.56	883.29
6.58	881.49
6.58	882.32
6.59	883.16
6.59	883.99
6.60	884.82
6.62	882.37
6.63	883.20
6.63	884.02
6.63	884.85
6.64	885.67
6.64	886.50
6.67	883.41
6.68	884.23
6.68	885.04
6.68	885.86
6.69	886.68
6.69	887.49
6.70	888.31
6.73	884.59
6.73	885.40
6.74	886.21
6.74	887.02
6.75	887.83
6.75	888.63
6.75	889.44
6.79	885.76
6.79	886.56
6.80	887.36
6.80	888.16
6.80	888.96
6.81	889.75
6.81	890.55
6.85	886.90
6.87	884.64
6.87	885.43
6.89	883.81
6.90	884.60
6.90	885.38
6.91	886.17
6.93	884.46
6.93	885.24
6.94	886.03
6.94	886.81
6.96	885.11
6.97	885.89
6.97	886.66
6.97	887.44
6.98	888.22
7.00	885.90
7.01	886.68
7.01	887.45
7.01	888.22
7.02	888.99
7.02	889.76
7.05	886.85
7.06	887.61
7.06	888.38
7.06	889.14
7.07	889.90
7.07	890.67
7.08	891.43
7.11	887.93
7.11	888.69
7.12	889.44
7.12	890.20
7.13	890.95
7.13	891.71
7.14	892.46
7.17	888.99
7.17	889.74
7.18	890.49
7.18	891.23
7.19	891.98
7.19	892.73
7.19	893.47
7.23	890.03
7.25	887.89
7.26	888.63
7.28	887.10
7.28	887.84
7.28	888.58
7.29	889.31
7.31	887.70
7.31	888.43
7.32	889.17
7.32	889.90
7.34	888.29
7.35	889.02
7.35	889.75
7.35	890.47
7.36	891.20
7.38	889.02
7.39	889.74
7.39	890.47
7.40	891.19
7.40	891.91
7.40	892.63
7.43	889.88
7.44	890.60
7.44	891.32
7.45	892.03
7.45	892.75
7.45	893.46
7.46	894.18
7.49	890.87
7.50	891.58
7.50	892.29
7.50	893.00
7.51	893.71
7.51	894.42
7.52	895.12
7.55	891.84
7.55	892.55
7.56	893.25
7.56	893.95
7.57	894.65
7.57	895.35
7.58	896.05
7.61	892.80
7.63	890.77
7.64	891.47
7.66	890.02
7.66	890.71
7.67	891.41
7.67	892.10
7.69	890.57
7.69	891.26
7.70	891.95
7.70	892.63
7.72	891.11
7.73	891.79
7.73	892.48
7.74	893.17
7.74	893.85
7.77	891.78
7.77	892.46
7.77	893.14
7.78	893.82
7.78	894.50
7.79	895.18
7.82	892.57
7.82	893.25
7.82	893.92
7.83	894.60
7.83	895.27
7.84	895.95
7.84	896.62
7.87	893.48
7.88	894.15
7.88	894.82
7.89	895.49
7.89	896.16
7.89	896.83
7.90	897.49
7.93	894.38
7.94	895.04
7.94	895.71
7.94	896.37
7.95	897.03
7.95	897.69
7.96	898.35
7.99	895.26
8.01	893.34
8.02	894.00
8.04	892.62
8.04	893.27
8.05	893.93
8.05	894.58
8.07	893.12
8.08	893.78
8.08	894.43
8.08	895.08
8.11	893.62
8.11	894.27
8.11	894.92
8.12	895.57
8.12	896.21
8.15	894.24
8.15	894.89
8.16	895.53
8.16	896.18
8.16	896.82
8.17	897.46
8.20	894.98
8.20	895.62
8.21	896.26
8.21	896.90
8.21	897.53
8.22	898.17
8.22	898.80
8.25	895.82
8.26	896.46
8.26	897.09
8.27	897.72
8.27	898.35
8.28	898.98
8.28	899.61
8.31	896.65
8.32	897.28
8.32	897.91
8.33	898.54
8.33	899.16
8.33	899.79
8.34	900.41
8.37	897.47
8.40	895.64
8.40	896.27
8.42	894.95
8.42	895.57
8.43	896.19
8.43	896.81
8.45	895.42
8.46	896.04
8.46	896.65
8.47	897.27
8.49	895.88
8.49	896.50
8.49	897.11
8.50	897.72
8.50	898.34
8.53	896.46
8.53	897.07
8.54	897.68
8.54	898.29
8.54	898.90
8.55	899.51
8.58	897.14
8.58	897.75
8.59	898.35
8.59	898.96
8.59	899.56
8.60	900.17
8.60	900.77
8.64	897.93
8.64	898.53
8.64	899.13
8.65	899.73
8.65	900.33
8.66	900.93
8.66	901.52
8.69	898.70
8.70	899.30
8.70	899.89
8.71	900.49
8.71	901.08
8.72	901.68
8.72	902.27
8.75	899.46
8.78	897.72
8.78	898.31
8.80	897.05
8.81	897.64
8.81	898.23
8.81	898.82
8.83	897.49
8.84	898.08
8.84	898.66
8.85	899.25
8.87	897.93
8.87	898.51
8.88	899.09
8.88	899.67
8.88	900.25
8.91	898.46
8.91	899.04
8.92	899.62
8.92	900.20
8.93	900.78
8.93	901.36
8.96	899.10
8.96	899.68
8.97	900.25
8.97	900.83
8.98	901.40
8.98	901.97
8.98	902.55
9.02	899.83
9.02	900.41
9.03	900.98
9.03	901.55
9.03	902.12
9.04	902.68
9.04	903.25
9.08	900.56
9.08	901.12
9.08	901.69
9.09	902.26
9.09	902.82
9.10	903.39
9.10	903.95
9.13	901.27
9.16	899.60
9.16	900.16
9.18	898.96
9.19	899.52
9.19	900.08
9.20	900.64
9.22	899.37
9.22	899.93
9.22	900.49
9.23	901.04
9.25	899.78
9.25	900.33
9.26	900.89
9.26	901.44
9.27	901.99
9.29	900.28
9.30	900.83
9.30	901.38
9.30	901.94
9.31	902.49
9.31	903.04
9.34	900.88
9.35	901.43
9.35	901.97
9.35	902.52
9.36	903.07
9.36	903.62
9.37	904.16
9.40	901.57
9.40	902.11
9.41	902.65
9.41	903.20
9.42	903.74
9.42	904.28
9.42	904.82
9.46	902.24
9.46	902.78
9.47	903.32
9.47	903.86
9.47	904.40
9.48	904.94
9.48	905.48
9.52	902.91
9.54	901.31
9.54	901.85
9.56	900.70
9.57	901.23
9.57	901.77
9.58	902.30
9.60	901.08
9.60	901.61
9.61	902.15
9.61	902.68
9.63	901.46
9.64	901.99
9.64	902.52
9.64	903.05
9.65	903.58
9.67	901.94
9.68	902.46
9.68	902.99
9.69	903.52
9.69	904.04
9.69	904.57
9.72	902.50
9.73	903.02
9.73	903.55
9.73	904.07
9.74	904.59
9.74	905.11
9.75	905.63
9.78	903.15
9.78	903.67
9.79	904.19
9.79	904.71
9.80	905.22
9.80	905.74
9.81	906.26
9.84	903.79
9.84	904.30
9.85	904.82
9.85	905.33
9.86	905.85
9.86	906.36
9.86	906.88
9.90	904.42
9.92	902.88
9.93	903.39
9.95	902.29
9.95	902.80
9.95	903.31
9.96	903.82
9.98	902.65
9.98	903.16
9.99	903.67
9.99	904.17
10.01	903.01
10.02	903.52
10.02	904.02
10.02	904.53
10.03	905.03
10.05	903.46
10.06	903.96
10.06	904.46
10.07	904.97
10.07	905.47
10.07	905.97
10.10	903.99
10.11	904.49
10.11	904.99
10.12	905.49
10.12	905.99
10.12	906.49
10.13	906.99
10.16	904.60
10.17	905.09
10.17	905.59
10.17	906.09
10.18	906.58
10.18	907.08
10.19	907.58
10.22	905.20
10.22	905.69
10.23	906.19
10.23	906.68
10.24	907.17
10.24	907.67
10.25	908.16
10.28	905.80
10.30	904.32
10.31	904.81
10.33	903.75
10.33	904.23
10.34	904.72
10.34	905.21
10.36	904.09
10.36	904.58
10.37	905.06
10.37	905.55
10.39	904.43
10.40	904.91
10.40	905.40
10.41	905.88
10.41	906.37
10.44	904.85
10.44	905.33
10.44	905.82
10.45	906.30
10.45	906.78
10.46	907.26
10.49	905.35
10.49	905.83
10.49	906.31
10.50	906.79
10.50	907.27
10.51	907.75
10.51	908.23
10.54	905.93
10.55	906.41
10.55	906.88
10.56	907.36
10.56	907.84
10.56	908.31
10.57	908.79
10.60	906.50
10.61	906.97
10.61	907.45
10.61	907.92
10.62	908.39
10.62	908.87
10.63	909.34
10.66	907.07
10.68	905.64
10.69	906.12
10.71	905.09
10.71	905.56
10.72	906.03
10.72	906.50
10.74	905.41
10.75	905.88
10.75	906.35
10.75	906.82
10.78	905.74
10.78	906.20
10.78	906.67
10.79	907.13
10.79	907.60
10.82	906.14
10.82	906.60
10.83	907.06
10.83	907.53
10.83	907.99
10.84	908.45
10.87	906.61
10.87	907.07
10.88	907.53
10.88	907.99
10.88	908.45
10.89	908.91
10.89	909.37
10.93	907.16
10.93	907.62
10.93	908.08
10.94	908.53
10.94	908.99
10.95	909.45
10.95	909.90
10.98	907.70
10.99	908.16
10.99	908.61
11.00	909.07
11.00	909.52
11.00	909.98
11.01	910.43
11.04	908.24
11.07	906.87
11.07	907.32
11.09	906.33
11.09	906.78
11.10	907.23
11.10	907.68
11.12	906.64
11.13	907.09
11.13	907.54
11.14	907.99
11.16	906.95
11.16	907.39
11.17	907.84
11.17	908.29
11.17	908.74
11.20	907.33
11.20	907.77
11.21	908.22
11.21	908.66
11.21	909.11
11.22	909.55
11.25	907.78
11.25	908.22
11.26	908.67
11.26	909.11
11.26	909.55
11.27	909.99
11.27	910.43
11.31	908.30
11.31	908.74
11.31	909.18
11.32	909.62
11.32	910.06
11.33	910.50
11.33	910.94
11.36	908.82
11.37	909.25
11.37	909.69
11.38	910.13
11.38	910.57
11.39	911.00
11.39	911.44
11.42	909.33
11.45	908.00
11.45	908.44
11.47	907.48
11.48	907.92
11.48	908.35
11.48	908.79
11.50	907.78
11.51	908.21
11.51	908.64
11.52	909.07
11.54	908.07
11.54	908.50
11.55	908.93
11.55	909.36
11.55	909.79
11.58	908.43
11.58	908.86
11.59	909.29
11.59	909.72
11.60	910.15
11.60	910.57
11.63	908.86
11.63	909.29
11.64	909.72
11.64	910.14
11.65	910.57
11.65	910.99
11.65	911.42
11.69	909.36
11.69	909.78
11.70	910.21
11.70	910.63
11.70	911.05
11.71	911.48
11.71	911.90
11.75	909.85
11.75	910.27
11.75	910.69
11.76	911.12
11.76	911.54
11.77	911.96
11.77	912.38
11.80	910.34
11.83	909.06
11.83	909.48
11.85	908.55
11.86	908.97
11.86	909.39
11.87	909.81
11.89	908.83
11.89	909.25
11.89	909.67
11.90	910.08
11.92	909.11
11.92	909.53
11.93	909.94
11.93	910.36
11.94	910.77
11.96	909.46
11.97	909.87
11.97	910.29
11.97	910.70
11.98	911.11
11.98	911.52
12.01	909.87
12.02	910.28
12.02	910.69
12.02	911.10
12.03	911.51
12.03	911.93
12.04	912.34
12.07	910.34
12.07	910.75
12.08	911.16
12.08	911.57
12.09	911.98
12.09	912.39
12.09	912.80
12.13	910.81
12.13	911.22
12.14	911.63
12.14	912.03
12.14	912.44
12.15	912.85
12.15	913.25
12.19	911.28
12.21	910.04
12.21	910.45
12.23	909.55
12.24	909.96
12.24	910.36
12.25	910.76
12.27	909.82
12.27	910.22
12.28	910.62
12.28	911.03
12.30	910.09
12.31	910.49
12.31	910.89
12.31	911.29
12.32	911.69
12.34	910.42
12.35	910.82
12.35	911.21
12.36	911.61
12.36	912.01
12.36	912.41
12.39	910.81
12.40	911.21
12.40	911.60
12.41	912.00
12.41	912.40
12.41	912.80
12.42	913.19
12.45	911.26
12.45	911.66
12.46	912.05
12.46	912.45
12.47	912.84
12.47	913.24
12.48	913.63
12.51	911.71
12.51	912.11
12.52	912.50
12.52	912.89
12.53	913.28
12.53	913.68
12.53	914.07
12.57	912.16
12.59	910.96
12.60	911.35
12.62	910.48
12.62	910.87
12.62	911.27
12.63	911.65
12.65	910.74
12.65	911.13
12.66	911.52
12.66	911.91
12.68	911.00
12.69	911.38
12.69	911.77
12.69	912.16
12.70	912.55
12.72	911.31
12.73	911.70
12.73	912.08
12.74	912.47
12.74	912.86
12.74	913.24
12.77	911.69
12.78	912.07
12.78	912.46
12.79	912.84
12.79	913.22
12.79	913.61
12.80	913.99
12.83	912.12
12.84	912.51
12.84	912.89
12.84	913.27
12.85	913.65
12.85	914.03
12.86	914.41
12.89	912.55
12.89	912.93
12.90	913.31
12.90	913.69
12.91	914.07
12.91	914.45
12.92	914.83
12.95	912.98
12.97	911.82
12.98	912.20
13.00	911.36
13.00	911.74
13.01	912.11
13.01	912.49
13.03	911.60
13.03	911.98
13.04	912.36
13.04	912.73
13.06	911.85
13.07	912.22
13.07	912.60
13.08	912.97
13.08	913.35
13.11	912.15
13.11	912.52
13.11	912.90
13.12	913.27
13.12	913.64
13.13	914.02
13.16	912.51
13.16	912.88
13.16	913.26
13.17	913.63
13.17	914.00
13.18	914.37
13.18	914.74
13.21	912.93
13.22	913.30
13.22	913.67
13.23	914.04
13.23	914.41
13.23	914.78
13.24	915.15
13.27	913.34
13.28	913.71
13.28	914.08
13.28	914.45
13.29	914.82
13.29	915.18
13.30	915.55
13.33	913.75
13.35	912.63
13.36	912.99
13.38	912.18
13.38	912.54
13.39	912.91
13.39	913.27
13.41	912.41
13.42	912.78
13.42	913.14
13.42	913.51
13.45	912.65
13.45	913.01
13.45	913.37
13.46	913.74
13.46	914.10
13.49	912.94
13.49	913.30
13.50	913.66
13.50	914.02
13.50	914.39
13.51	914.75
13.54	913.29
13.54	913.65
13.55	914.01
13.55	914.37
13.55	914.73
13.56	915.09
13.56	915.45
13.60	913.69
13.60	914.05
13.60	914.40
13.61	914.76
13.61	915.12
13.62	915.48
13.62	915.84
13.65	914.08
13.66	914.44
13.66	914.80
13.67	915.15
13.67	915.51
13.67	915.87
13.68	916.22
13.71	914.48
13.74	913.38
13.74	913.74
13.76	912.95
13.76	913.30
13.77	913.66
13.77	914.01
13.79	913.17
13.80	913.53
13.80	913.88
13.81	914.23
13.83	913.40
13.83	913.75
13.84	914.10
13.84	914.46
13.84	914.81
13.87	913.68
13.87	914.03
13.88	914.38
13.88	914.73
13.89	915.08
13.89	915.43
13.92	914.01
13.92	914.36
13.93	914.71
13.93	915.06
13.93	915.41
13.94	915.76
13.94	916.11
13.98	914.40
13.98	914.75
13.98	915.10
13.99	915.44
13.99	915.79
14.00	916.14
14.00	916.49
14.03	914.78
14.04	915.13
14.04	915.47
14.05	915.82
14.05	916.17
14.06	916.51
14.06	916.86
14.09	915.16
14.12	914.10
14.12	914.44
14.14	913.67
14.15	914.02
14.15	914.36
14.15	914.70
14.17	913.89
14.18	914.23
14.18	914.58
14.19	914.92
14.21	914.11
14.21	914.45
14.22	914.79
14.22	915.13
14.22	915.48
14.25	914.38
14.25	914.72
14.26	915.06
14.26	915.40
14.27	915.74
14.27	916.08
14.30	914.70
14.30	915.04
14.31	915.38
14.31	915.72
14.32	916.06
14.32	916.40
14.32	916.73
14.36	915.07
14.36	915.41
14.37	915.75
14.37	916.08
14.37	916.42
14.38	916.76
14.38	917.10
14.42	915.44
14.42	915.78
14.42	916.11
14.43	916.45
14.43	916.78
14.44	917.12
14.44	917.46
14.47	915.81
14.50	914.77
14.50	915.11
14.52	914.36
14.53	914.69
14.53	915.02
14.54	915.36
14.56	914.57
14.56	914.90
14.56	915.23
14.57	915.57
14.59	914.78
14.59	915.11
14.60	915.44
14.60	915.77
14.61	916.10
14.63	915.04
14.64	915.37
14.64	915.70
14.64	916.03
14.65	916.36
14.65	916.69
14.68	915.35
14.69	915.68
14.69	916.01
14.69	916.34
14.70	916.67
14.70	916.99
14.71	917.32
14.74	915.71
14.74	916.03
14.75	916.36
14.75	916.69
14.76	917.02
14.76	917.35
14.76	917.67
14.80	916.06
14.80	916.39
14.81	916.72
14.81	917.04
14.81	917.37
14.82	917.70
14.82	918.02
14.86	916.42
14.88	915.41
14.88	915.73
14.90	915.00
14.91	915.33
14.91	915.65
14.92	915.98
14.94	915.21
14.94	915.53
14.95	915.85
14.95	916.18
14.97	915.41
14.98	915.73
14.98	916.05
14.98	916.38
14.99	916.70
15.01	915.66
15.02	915.98
15.02	916.30
15.03	916.63
15.03	916.95
15.03	917.27
15.06	915.96
15.07	916.28
15.07	916.60
15.08	916.92
15.08	917.24
15.08	917.56
15.09	917.88
15.12	916.31
15.13	916.63
15.13	916.95
15.13	917.26
15.14	917.58
15.14	917.90
15.15	918.22
15.18	916.65
15.18	916.97
15.19	917.29
15.19	917.60
15.20	917.92
15.20	918.24
15.20	918.56
15.24	916.99
15.26	916.01
15.27	916.33
15.29	915.62
15.29	915.93
15.29	916.25
15.30	916.56
15.32	915.81
15.32	916.13
15.33	916.44
15.33	916.76
15.35	916.01
15.36	916.32
15.36	916.64
15.37	916.95
15.37	917.26
15.39	916.25
15.40	916.56
15.40	916.88
15.41	917.19
15.41	917.50
15.41	917.82
15.44	916.54
15.45	916.85
15.45	917.16
15.46	917.48
15.46	917.79
15.46	918.10
15.47	918.41
15.50	916.88
15.51	917.19
15.51	917.50
15.51	917.81
15.52	918.12
15.52	918.43
15.53	918.74
15.56	917.21
15.56	917.52
15.57	917.83
15.57	918.14
15.58	918.45
15.58	918.75
15.59	919.06
15.62	917.54
15.64	916.58
15.65	916.89
15.67	916.20
15.67	916.50
15.68	916.81
15.68	917.12
15.70	916.39
15.70	916.69
15.71	917.00
15.71	917.31
15.73	916.58
15.74	916.88
15.74	917.19
15.75	917.49
15.75	917.80
15.78	916.81
15.78	917.12
15.78	917.42
15.79	917.73
15.79	918.03
15.80	918.33
15.83	917.09
15.83	917.39
15.83	917.70
15.84	918.00
15.84	918.31
15.85	918.61
15.85	918.91
15.88	917.42
15.89	917.72
15.89	918.02
15.90	918.32
15.90	918.63
15.90	918.93
15.91	919.23
15.94	917.74
15.95	918.04
15.95	918.34
15.95	918.64
15.96	918.94
15.96	919.24
15.97	919.54
16.00	918.06
16.02	917.12
16.03	917.42
16.05	916.75
16.05	917.05
16.06	917.35
16.06	917.65
16.08	916.93
16.09	917.23
16.09	917.53
16.09	917.83
16.12	917.11
16.12	917.41
16.12	917.71
16.13	918.01
16.13	918.31
16.16	917.34
16.16	917.64
16.17	917.94
16.17	918.23
16.17	918.53
16.18	918.83
16.21	917.61
16.21	917.91
16.22	918.21
16.22	918.50
16.22	918.80
16.23	919.09
16.23	919.39
16.27	917.93
16.27	918.22
16.27	918.52
16.28	918.81
16.28	919.11
16.29	919.40
16.29	919.70
16.32	918.24
16.33	918.53
16.33	918.83
16.34	919.12
16.34	919.41
16.34	919.71
16.35	920.00
16.38	918.55
16.41	917.64
16.41	917.93
16.43	917.27
16.43	917.56
16.44	917.85
16.44	918.15
16.46	917.45
16.47	917.74
16.47	918.03
16.48	918.32
16.50	917.63
16.50	917.92
16.51	918.21
16.51	918.50
16.51	918.79
16.54	917.85
16.54	918.14
16.55	918.43
16.55	918.72
16.56	919.01
16.56	919.29
16.59	918.11
16.59	918.40
16.60	918.69
16.60	918.98
16.61	919.26
16.61	919.55
16.61	919.84
16.65	918.42
16.65	918.70
16.65	918.99
16.66	919.28
16.66	919.57
16.67	919.85
16.67	920.14
16.70	918.72
16.71	919.00
16.71	919.29
16.72	919.58
16.72	919.86
16.73	920.15
16.73	920.44
16.76	919.02
16.79	918.13
16.79	918.41
16.81	917.77
16.82	918.05
16.82	918.34
16.82	918.62
16.85	917.94
16.85	918.23
16.85	918.51
16.86	918.79
16.88	918.11
16.88	918.40
16.89	918.68
16.89	918.96
16.89	919.25
16.92	918.33
16.92	918.61
16.93	918.89
16.93	919.18
16.94	919.46
16.94	919.74
16.97	918.58
16.97	918.87
16.98	919.15
16.98	919.43
16.99	919.71
16.99	919.99
16.99	920.27
17.03	918.88
17.03	919.16
17.04	919.44
17.04	919.72
17.04	920.00
17.05	920.28
17.05	920.56
17.09	919.17
17.09	919.45
17.09	919.73
17.10	920.01
17.10	920.29
17.11	920.57
17.11	920.85
17.14	919.47
17.17	918.60
17.17	918.88
17.19	918.24
17.20	918.52
17.20	918.80
17.21	919.08
17.23	918.41
17.23	918.69
17.23	918.97
17.24	919.24
17.26	918.58
17.26	918.86
17.27	919.13
17.27	919.41
17.28	919.69
17.30	918.79
17.31	919.06
17.31	919.34
17.31	919.61
17.32	919.89
17.32	920.17
17.35	919.04
17.36	919.31
17.36	919.59
17.36	919.86
17.37	920.13
17.37	920.41
17.38	920.68
17.41	919.32
17.41	919.60
17.42	919.87
17.42	920.14
17.43	920.42
17.43	920.69
17.43	920.97
17.47	919.61
17.47	919.88
17.48	920.15
17.48	920.43
17.48	920.70
17.49	920.97
17.49	921.24
17.53	919.89
17.55	919.04
17.55	919.31
17.57	918.70
17.58	918.97
17.58	919.24
17.59	919.51
17.61	918.86
17.61	919.13
17.62	919.40
17.62	919.67
17.64	919.02
17.65	919.29
17.65	919.56
17.65	919.83
17.66	920.10
17.68	919.22
17.69	919.49
17.69	919.76
17.70	920.03
17.70	920.30
17.70	920.57
17.73	919.47
17.74	919.73
17.74	920.00
17.75	920.27
17.75	920.54
17.75	920.81
17.76	921.08
17.79	919.75
17.80	920.01
17.80	920.28
17.80	920.55
17.81	920.82
17.81	921.08
17.82	921.35
17.85	920.02
17.85	920.29
17.86	920.56
17.86	920.82
17.87	921.09
17.87	921.36
17.87	921.62
17.91	920.30
17.93	919.47
17.94	919.73
17.96	919.13
17.96	919.40
17.96	919.66
17.97	919.93
17.99	919.29
17.99	919.55
18.00	919.82
18.00	920.08
18.02	919.45
18.03	919.71
18.03	919.97
18.04	920.24
18.04	920.50
18.06	919.64
18.07	919.91
18.07	920.17
18.08	920.43
18.08	920.70
18.09	920.96
18.11	919.88
18.12	920.14
18.12	920.40
18.13	920.67
18.13	920.93
18.13	921.19
18.14	921.45
18.17	920.15
18.18	920.41
18.18	920.67
18.18	920.93
18.19	921.20
18.19	921.46
18.20	921.72
18.23	920.42
18.23	920.68
18.24	920.94
18.24	921.20
18.25	921.46
18.25	921.72
18.26	921.98
18.29	920.69
18.31	919.87
18.32	920.13
18.34	919.54
18.34	919.80
18.35	920.06
18.35	920.32
18.37	919.70
18.37	919.96
18.38	920.22
18.38	920.47
18.40	919.85
18.41	920.11
18.41	920.37
18.42	920.63
18.42	920.88
18.45	920.04
18.45	920.30
18.45	920.56
18.46	920.82
18.46	921.07
18.47	921.33
18.50	920.27
18.50	920.53
18.50	920.78
18.51	921.04
18.51	921.30
18.52	921.55
18.52	921.81
18.55	920.54
18.56	920.79
18.56	921.05
18.57	921.30
18.57	921.56
18.57	921.81
18.58	922.07
18.61	920.80
18.62	921.05
18.62	921.31
18.62	921.56
18.63	921.82
18.63	922.07
18.64	922.33
18.67	921.06
18.69	920.26
18.70	920.52
18.72	919.94
18.72	920.19
18.73	920.45
18.73	920.70
18.75	920.09
18.76	920.34
18.76	920.60
18.76	920.85
18.79	920.24
18.79	920.49
18.79	920.74
18.80	921.00
18.80	921.25
18.83	920.43
18.83	920.68
18.84	920.93
18.84	921.18
18.84	921.43
18.85	921.68
18.88	920.65
18.88	920.90
18.89	921.15
18.89	921.40
18.89	921.65
18.90	921.90
18.90	922.15
18.94	920.91
18.94	921.16
18.94	921.41
18.95	921.66
18.95	921.91
18.96	922.16
18.96	922.41
18.99	921.16
19.00	921.41
19.00	921.66
19.01	921.91
19.01	922.16
19.01	922.41
19.02	922.66
19.05	921.42
19.08	920.64
19.08	920.89
19.10	920.32
19.10	920.57
19.11	920.82
19.11	921.06
19.13	920.47
19.14	920.71
19.14	920.96
19.15	921.21
19.17	920.61
19.17	920.86
19.18	921.11
19.18	921.35
19.18	921.60
19.21	920.79
19.21	921.04
19.22	921.29
19.22	921.53
19.23	921.78
19.23	922.02
19.26	921.01
19.26	921.25
19.27	921.50
19.27	921.75
19.28	921.99
19.28	922.24
19.28	922.48
19.32	921.26
19.32	921.51
19.33	921.75
19.33	922.00
19.33	922.24
19.34	922.48
19.34	922.73
19.37	921.51
19.38	921.75
19.38	922.00
19.39	922.24
19.39	922.49
19.40	922.73
19.40	922.97
19.43	921.76
19.46	920.99
19.46	921.24
19.48	920.68
19.49	920.93
19.49	921.17
19.49	921.41
19.52	920.82
19.52	921.07
19.52	921.31
19.53	921.55
19.55	920.97
19.55	921.21
19.56	921.45
19.56	921.69
19.57	921.93
19.59	921.14
19.59	921.39
19.60	921.63
19.60	921.87
19.61	922.11
19.61	922.35
19.64	921.36
19.64	921.60
19.65	921.84
19.65	922.08
19.66	922.32
19.66	922.56
19.66	922.80
19.70	921.60
19.70	921.84
19.71	922.08
19.71	922.32
19.71	922.56
19.72	922.80
19.72	923.04
19.76	921.84
19.76	922.08
19.76	922.32
19.77	922.56
19.77	922.80
19.78	923.04
19.78	923.28
19.81	922.09
19.84	921.34
19.84	921.58
19.86	921.03
19.87	921.27
19.87	921.51
19.88	921.74
19.90	921.17
19.90	921.41
19.90	921.65
19.91	921.88
19.93	921.31
19.93	921.55
19.94	921.78
19.94	922.02
19.95	922.26
19.97	921.48
19.98	921.72
19.98	921.95
19.98	922.19
19.99	922.43
19.99	922.66
20.02	921.69
20.03	921.92
20.03	922.16
20.03	922.40
20.04	922.63
20.04	922.87
20.05	923.10
20.08	921.93
20.08	922.16
20.09	922.40
20.09	922.63
20.10	922.87
20.10	923.10
20.10	923.34
20.14	922.16
20.14	922.40
20.15	922.63
20.15	922.87
20.15	923.10
20.16	923.34
20.16	923.57
20.20	922.40
20.22	921.67
20.22	921.90
20.24	921.37
20.25	921.60
20.25	921.83
20.26	922.07
20.28	921.50
20.28	921.73
20.29	921.97
20.29	922.20
20.31	921.64
20.32	921.87
20.32	922.10
20.32	922.33
20.33	922.57
20.35	921.81
20.36	922.04
20.36	922.27
20.37	922.50
20.37	922.73
20.37	922.96
20.40	922.01
20.41	922.24
20.41	922.47
20.42	922.70
20.42	922.93
20.42	923.16
20.43	923.39
20.46	922.24
20.47	922.47
20.47	922.70
20.47	922.93
20.48	923.16
20.48	923.39
20.49	923.62
20.52	922.47
20.52	922.70
20.53	922.93
20.53	923.16
20.54	923.39
20.54	923.62
20.54	923.85
20.58	922.70
20.60	921.98
20.61	922.21
20.63	921.69
20.63	921.92
20.63	922.14
20.64	922.37
20.66	921.82
20.66	922.05
20.67	922.28
20.67	922.50
20.69	921.95
20.70	922.18
20.70	922.41
20.71	922.64
20.71	922.86
20.73	922.12
20.74	922.34
20.74	922.57
20.75	922.80
20.75	923.03
20.76	923.25
20.78	922.31
20.79	922.54
20.79	922.77
20.80	922.99
20.80	923.22
20.81	923.45
20.81	923.67
20.84	922.54
20.85	922.77
20.85	922.99
20.85	923.22
20.86	923.45
20.86	923.67
20.87	923.90
20.90	922.77
20.90	922.99
20.91	923.22
20.91	923.44
20.92	923.67
20.92	923.89
20.93	924.12
20.96	922.99
20.98	922.29
20.99	922.51
21.01	922.00
21.01	922.22
21.02	922.45
21.02	922.67
21.04	922.13
21.05	922.35
21.05	922.57
21.05	922.80
21.07	922.26
21.08	922.48
21.08	922.70
21.09	922.93
21.09	923.15
21.12	922.42
21.12	922.64
21.12	922.86
21.13	923.09
21.13	923.31
21.14	923.53
21.17	922.61
21.17	922.83
21.17	923.05
21.18	923.28
21.18	923.50
21.19	923.72
21.19	923.94
21.22	922.83
21.23	923.05
21.23	923.28
21.24	923.50
21.24	923.72
21.24	923.94
21.25	924.16
21.28	923.05
21.29	923.27
21.29	923.50
21.29	923.72
21.30	923.94
21.30	924.16
21.31	924.38
21.34	923.27
21.36	922.58
21.37	922.80
21.39	922.30
21.39	922.52
21.40	922.74
21.40	922.96
21.42	922.42
21.43	922.64
21.43	922.86
21.43	923.08
21.46	922.55
21.46	922.77
21.46	922.99
21.47	923.21
21.47	923.42
21.50	922.71
21.50	922.92
21.51	923.14
21.51	923.36
21.51	923.58
21.52	923.80
21.55	922.89
21.55	923.11
21.56	923.33
21.56	923.55
21.56	923.77
21.57	923.98
21.57	924.20
21.61	923.11
21.61	923.33
21.61	923.55
21.62	923.76
21.62	923.98
21.63	924.20
21.63	924.42
21.66	923.33
21.67	923.55
21.67	923.76
21.68	923.98
21.68	924.20
21.68	924.41
21.69	924.63
21.72	923.54
21.75	922.86
21.75	923.08
21.77	922.58
21.77	922.80
21.78	923.01
21.78	923.23
21.80	922.71
21.81	922.92
21.81	923.14
21.82	923.35
21.84	922.83
21.84	923.05
21.85	923.26
21.85	923.47
21.85	923.69
21.88	922.98
21.88	923.20
21.89	923.41
21.89	923.63
21.90	923.84
21.90	924.06
21.93	923.17
21.93	923.38
21.94	923.60
21.94	923.81
21.95	924.02
21.95	924.24
21.95	924.45
21.99	923.38
21.99	923.59
22.00	923.81
22.00	924.02
22.00	924.23
22.01	924.45
22.01	924.66
22.05	923.59
22.05	923.81
22.05	924.02
22.06	924.23
22.06	924.44
22.07	924.66
22.07	924.87
22.10	923.80
22.13	923.13
22.13	923.35
22.15	922.86
22.16	923.07
22.16	923.28
22.16	923.49
22.19	922.98
22.19	923.19
22.19	923.40
22.20	923.61
22.22	923.10
22.22	923.31
22.23	923.52
22.23	923.73
22.24	923.95
22.26	923.25
22.26	923.46
22.27	923.67
22.27	923.88
22.28	924.09
22.28	924.30
22.31	923.43
22.31	923.64
22.32	923.85
22.32	924.06
22.33	924.27
22.33	924.48
22.33	924.69
22.37	923.64
22.37	923.85
22.38	924.06
22.38	924.27
22.38	924.48
22.39	924.69
22.39	924.90
22.43	923.85
22.43	924.06
22.43	924.27
22.44	924.47
22.44	924.68
22.45	924.89
22.45	925.10
22.48	924.05
22.51	923.40
22.51	923.60
22.53	923.13
22.54	923.33
22.54	923.54
22.55	923.75
22.57	923.24
22.57	923.45
22.57	923.66
22.58	923.87
22.60	923.36
22.60	923.57
22.61	923.78
22.61	923.99
22.62	924.19
22.64	923.51
22.65	923.72
22.65	923.92
22.65	924.13
22.66	924.34
22.66	924.54
22.69	923.69
22.70	923.89
22.70	924.10
22.70	924.31
22.71	924.51
22.71	924.72
22.72	924.92
22.75	923.89
22.75	924.10
22.76	924.30
22.76	924.51
22.77	924.71
22.77	924.92
22.77	925.13
22.81	924.09
22.81	924.30
22.82	924.50
22.82	924.71
22.82	924.92
22.83	925.12
22.83	925.32
22.87	924.30
22.89	923.65
22.89	923.85
22.91	923.38
22.92	923.59
22.92	923.79
22.93	924.00
22.95	923.50
22.95	923.70
22.96	923.91
22.96	924.11
22.98	923.62
22.99	923.82
22.99	924.02
22.99	924.23
23.00	924.43
23.02	923.76
23.03	923.96
23.03	924.17
23.04	924.37
23.04	924.57
23.04	924.78
23.07	923.93
23.08	924.14
23.08	924.34
23.09	924.54
23.09	924.74
23.09	924.95
23.10	925.15
23.13	924.13
23.14	924.34
23.14	924.54
23.14	924.74
23.15	924.94
23.15	925.14
23.16	925.35
23.19	924.33
23.19	924.53
23.20	924.74
23.20	924.94
23.21	925.14
23.21	925.34
23.21	925.54
23.25	924.53
23.27	923.89
23.28	924.10
23.30	923.63
23.30	923.83
23.30	924.03
23.31	924.23
23.33	923.75
23.33	923.95
23.34	924.15
23.34	924.35
23.36	923.86
23.37	924.06
23.37	924.26
23.38	924.46
23.38	924.66
23.40	924.00
23.41	924.20
23.41	924.40
23.42	924.60
23.42	924.80
23.43	925.00
23.45	924.17
23.46	924.37
23.46	924.57
23.47	924.77
23.47	924.97
23.48	925.17
23.48	925.37
23.51	924.37
23.52	924.57
23.52	924.76
23.53	924.96
23.53	925.16
23.53	925.36
23.54	925.56
23.57	924.56
23.57	924.76
23.58	924.96
23.58	925.16
23.59	925.35
23.59	925.55
23.60	925.75
23.63	924.76
23.65	924.13
23.66	924.33
23.68	923.87
23.68	924.07
23.69	924.27
23.69	924.47
23.71	923.98
23.72	924.18
23.72	924.38
23.72	924.58
23.74	924.10
23.75	924.29
23.75	924.49
23.76	924.69
23.76	924.88
23.79	924.23
23.79	924.43
23.79	924.63
23.80	924.82
23.80	925.02
23.81	925.22
23.84	924.40
23.84	924.60
23.84	924.79
23.85	924.99
23.85	925.18
23.86	925.38
23.86	925.58
23.89	924.59
23.90	924.79
23.90	924.98
23.91	925.18
23.91	925.37
23.91	925.57
23.92	925.76
23.95	924.78
23.96	924.98
23.96	925.17
23.96	925.37
23.97	925.56
23.97	925.76
23.98	925.95
24.01	924.97
24.03	924.36
24.04	924.55
24.06	924.11
24.06	924.30
24.07	924.49
24.07	924.69
24.09	924.21
24.10	924.41
24.10	924.60
24.10	924.80
24.13	924.32
24.13	924.52
24.13	924.71
24.14	924.90
24.14	925.10
24.17	924.46
24.17	924.65
24.18	924.85
24.18	925.04
24.18	925.23
24.19	925.43
24.22	924.62
24.22	924.82
24.23	925.01
24.23	925.20
24.23	925.39
24.24	925.59
24.24	925.78
24.28	924.81
24.28	925.00
24.28	925.20
24.29	925.39
24.29	925.58
24.30	925.77
24.30	925.96
24.33	925.00
24.34	925.19
24.34	925.38
24.35	925.57
24.35	925.77
24.35	925.96
24.36	926.15
24.39	925.19
24.42	924.58
24.42	924.77
24.44	924.33
24.44	924.52
24.45	924.71
24.45	924.90
24.47	924.44
24.48	924.63
24.48	924.82
24.49	925.01
24.51	924.54
24.51	924.73
24.52	924.93
24.52	925.12
24.52	925.31
24.55	924.68
24.55	924.87
24.56	925.06
24.56	925.25
24.57	925.44
24.57	925.63
24.60	924.84
24.60	925.03
24.61	925.22
24.61	925.41
24.62	925.60
24.62	925.78
24.62	925.97
24.66	925.02
24.66	925.21
24.67	925.40
24.67	925.59
24.67	925.78
24.68	925.97
24.68	926.16
24.72	925.21
24.72	925.40
24.72	925.58
24.73	925.77
24.73	925.96
24.74	926.15
24.74	926.34
24.77	925.39
24.80	924.79
24.80	924.98
24.82	924.55
24.83	924.74
24.83	924.92
24.83	925.11
24.86	924.65
24.86	924.84
24.86	925.03
24.87	925.22
24.89	924.76
24.89	924.95
24.90	925.13
24.90	925.32
24.91	925.51
24.93	924.89
24.93	925.08
24.94	925.26
24.94	925.45
24.95	925.64
24.95	925.82
24.98	925.05
24.98	925.23
24.99	925.42
24.99	925.60
25.00	925.79
25.00	925.98
25.01	926.16
25.04	925.23
25.04	925.41
25.05	925.60
25.05	925.79
25.05	925.97
25.06	926.16
25.06	926.34
25.10	925.41
25.10	925.59
25.10	925.78
25.11	925.96
25.11	926.15
25.12	926.34
25.12	926.52
25.15	925.59
25.18	925.00
25.18	925.19
25.20	924.76
25.21	924.94
25.21	925.13
25.22	925.31
25.24	924.86
25.24	925.05
25.25	925.23
25.25	925.42
25.27	924.97
25.27	925.15
25.28	925.33
25.28	925.52
25.29	925.70
25.31	925.09
25.32	925.28
25.32	925.46
25.32	925.65
25.33	925.83
25.33	926.01
25.36	925.25
25.37	925.43
25.37	925.61
25.37	925.80
25.38	925.98
25.38	926.16
25.39	926.35
25.42	925.43
25.42	925.61
25.43	925.79
25.43	925.97
25.44	926.16
25.44	926.34
25.44	926.52
25.48	925.60
25.48	925.79
25.49	925.97
25.49	926.15
25.49	926.33
25.50	926.52
25.50	926.70
25.54	925.78
25.56	925.20
25.56	925.38
25.58	924.96
25.59	925.15
25.59	925.33
25.60	925.51
25.62	925.06
25.62	925.25
25.63	925.43
25.63	925.61
25.65	925.17
25.66	925.35
25.66	925.53
25.66	925.71
25.67	925.89
25.69	925.29
25.70	925.47
25.70	925.65
25.71	925.83
25.71	926.02
25.71	926.20
25.74	925.44
25.75	925.62
25.75	925.80
25.76	925.98
25.76	926.17
25.76	926.35
25.77	926.53
25.80	925.62
25.81	925.80
25.81	925.98
25.81	926.16
25.82	926.34
25.82	926.52
25.83	926.70
25.86	925.79
25.86	925.97
25.87	926.15
25.87	926.33
25.88	926.51
25.88	926.69
25.88	926.87
25.92	925.97
25.94	925.40
25.95	925.58
25.97	925.16
25.97	925.34
25.97	925.52
25.98	925.70
26.00	925.26
26.00	925.44
26.01	925.62
26.01	925.80
26.03	925.36
26.04	925.54
26.04	925.72
26.05	925.90
26.05	926.07
26.07	925.48
26.08	925.66
26.08	925.84
26.09	926.02
26.09	926.20
26.10	926.38
26.12	925.63
26.13	925.81
26.13	925.99
26.14	926.17
26.14	926.34
26.15	926.52
26.15	926.70
26.18	925.80
26.19	925.98
26.19	926.16
26.20	926.34
26.20	926.51
26.20	926.69
26.21	926.87
26.24	925.98
26.25	926.15
26.25	926.33
26.25	926.51
26.26	926.68
26.26	926.86
26.27	927.04
26.30	926.15
26.32	925.58
26.33	925.76
26.35	925.35
26.35	925.53
26.36	925.71
26.36	925.88
26.38	925.45
26.39	925.63
26.39	925.80
26.39	925.98
26.41	925.55
26.42	925.72
26.42	925.90
26.43	926.08
26.43	926.25
26.46	925.67
26.46	925.85
26.46	926.02
26.47	926.20
26.47	926.37
26.48	926.55
26.51	925.82
26.51	925.99
26.51	926.17
26.52	926.34
26.52	926.52
26.53	926.69
26.53	926.87
26.56	925.99
26.57	926.16
26.57	926.33
26.58	926.51
26.58	926.68
26.58	926.86
26.59	927.03
26.62	926.15
26.63	926.33
26.63	926.50
26.63	926.68
26.64	926.85
26.64	927.02
26.65	927.20
26.68	926.32
26.70	925.77
26.71	925.94
26.73	925.54
26.73	925.71
26.74	925.89
26.74	926.06
26.76	925.64
26.77	925.81
26.77	925.98
26.77	926.16
26.80	925.73
26.80	925.91
26.80	926.08
26.81	926.25
26.81	926.42
26.84	925.85
26.84	926.02
26.85	926.20
26.85	926.37
26.85	926.54
26.86	926.72
26.89	925.99
26.89	926.17
26.90	926.34
26.90	926.51
26.90	926.68
26.91	926.86
26.91	927.03
26.95	926.16
26.95	926.33
26.95	926.50
26.96	926.68
26.96	926.85
26.97	927.02
26.97	927.19
27.00	926.33
27.01	926.50
27.01	926.67
27.02	926.84
27.02	927.01
27.02	927.18
27.03	927.36
27.06	926.49
27.09	925.95
27.09	926.12
27.11	925.72
27.11	925.89
27.12	926.06
27.12	926.23
27.14	925.82
27.15	925.99
27.15	926.16
27.16	926.33
27.18	925.91
27.18	926.08
27.19	926.25
27.19	926.42
27.19	926.59
27.22	926.03
27.22	926.20
27.23	926.37
27.23	926.54
27.24	926.71
27.24	926.88
27.27	926.17
27.27	926.34
27.28	926.51
27.28	926.68
27.29	926.85
27.29	927.02
27.29	927.19
27.33	926.33
27.33	926.50
27.34	926.67
27.34	926.84
27.34	927.01
27.35	927.18
27.35	927.35
27.39	926.49
27.39	926.66
27.39	926.83
27.40	927.00
27.40	927.17
27.41	927.34
27.41	927.51
27.44	926.66
27.47	926.12
27.47	926.29
27.49	925.90
27.50	926.06
27.50	926.23
27.50	926.40
27.53	925.99
27.53	926.16
27.53	926.33
27.54	926.49
27.56	926.08
27.56	926.25
27.57	926.42
27.57	926.59
27.58	926.75
27.60	926.20
27.60	926.37
27.61	926.53
27.61	926.70
27.62	926.87
27.62	927.04
27.65	926.34
27.65	926.50
27.66	926.67
27.66	926.84
27.67	927.01
27.67	927.17
27.68	927.34
27.71	926.50
27.71	926.66
27.72	926.83
27.72	927.00
27.73	927.17
27.73	927.33
27.73	927.50
27.77	926.66
27.77	926.82
27.77	926.99
27.78	927.16
27.78	927.32
27.79	927.49
27.79	927.66
27.82	926.82
27.85	926.29
27.85	926.45
27.87	926.07
27.88	926.23
27.88	926.40
27.89	926.57
27.91	926.16
27.91	926.32
27.92	926.49
27.92	926.66
27.94	926.25
27.94	926.42
27.95	926.58
27.95	926.75
27.96	926.91
27.98	926.36
27.99	926.53
27.99	926.69
27.99	926.86
28.00	927.03
28.00	927.19
28.03	926.50
28.04	926.66
28.04	926.83
28.04	926.99
28.05	927.16
28.05	927.33
28.06	927.49
28.09	926.66
28.09	926.82
28.10	926.99
28.10	927.15
28.11	927.32
28.11	927.48
28.11	927.65
28.15	926.81
28.15	926.98
28.16	927.14
28.16	927.31
28.16	927.47
28.17	927.64
28.17	927.80
28.21	926.97
28.23	926.45
28.23	926.61
28.25	926.23
28.26	926.40
28.26	926.56
28.27	926.72
28.29	926.32
28.29	926.49
28.30	926.65
28.30	926.81
28.32	926.41
28.33	926.58
28.33	926.74
28.33	926.90
28.34	927.07
28.36	926.52
28.37	926.69
28.37	926.85
28.38	927.01
28.38	927.18
28.38	927.34
28.41	926.66
28.42	926.82
28.42	926.98
28.43	927.15
28.43	927.31
28.43	927.47
28.44	927.64
28.47	926.81
28.48	926.98
28.48	927.14
28.48	927.30
28.49	927.46
28.49	927.63
28.50	927.79
28.53	926.97
28.53	927.13
28.54	927.29
28.54	927.46
28.55	927.62
28.55	927.78
28.55	927.94
28.59	927.12
28.61	926.61
28.62	926.77
28.64	926.39
28.64	926.56
28.64	926.72
28.65	926.88
28.67	926.48
28.67	926.64
28.68	926.81
28.68	926.97
28.70	926.57
28.71	926.73
28.71	926.89
28.72	927.05
28.72	927.22
28.74	926.68
28.75	926.84
28.75	927.00
28.76	927.16
28.76	927.32
28.77	927.49
28.79	926.81
28.80	926.97
28.80	927.13
28.81	927.29
28.81	927.46
28.82	927.62
28.82	927.78
28.85	926.97
28.86	927.13
28.86	927.29
28.87	927.45
28.87	927.61
28.87	927.77
28.88	927.93
28.91	927.12
28.92	927.28
28.92	927.44
28.92	927.60
28.93	927.76
28.93	927.92
28.94	928.08
28.97	927.27
28.99	926.76
29.00	926.92
29.02	926.55
29.02	926.71
29.03	926.87
29.03	927.03
29.05	926.64
29.06	926.80
29.06	926.96
29.06	927.12
29.08	926.73
29.09	926.88
29.09	927.04
29.10	927.20
29.10	927.36
29.13	926.83
29.13	926.99
29.13	927.15
29.14	927.31
29.14	927.47
29.15	927.63
29.18	926.96
29.18	927.12
29.18	927.28
29.19	927.44
29.19	927.60
29.20	927.76
29.20	927.91
29.23	927.11
29.24	927.27
29.24	927.43
29.25	927.59
29.25	927.75
29.25	927.90
29.26	928.06
29.29	927.26
29.30	927.42
29.30	927.58
29.30	927.74
29.31	927.89
29.31	928.05
29.32	928.21
29.35	927.41
29.37	926.91
29.38	927.07
29.40	926.70
29.40	926.86
29.41	927.02
29.41	927.18
29.43	926.79
29.44	926.95
29.44	927.10
29.45	927.26
29.47	926.88
29.47	927.03
29.47	927.19
29.48	927.35
29.48	927.50
29.51	926.98
29.51	927.14
29.52	927.30
29.52	927.45
29.52	927.61
29.53	927.76
29.56	927.11
29.56	927.27
29.57	927.42
29.57	927.58
29.57	927.73
29.58	927.89
29.58	928.05
29.62	927.26
29.62	927.41
29.62	927.57
29.63	927.73
29.63	927.88
29.64	928.04
29.64	928.19
29.67	927.41
29.68	927.56
29.68	927.72
29.69	927.87
29.69	928.03
29.69	928.18
29.70	928.34
29.73	927.55
29.76	927.06
29.76	927.21
29.78	926.85
29.78	927.01
29.79	927.16
29.79	927.32
29.81	926.94
29.82	927.09
29.82	927.25
29.83	927.40
29.85	927.02
29.85	927.18
29.86	927.33
29.86	927.49
29.86	927.64
29.89	927.13
29.89	927.28
29.90	927.44
29.90	927.59
29.91	927.74
29.91	927.90
29.94	927.25
29.94	927.41
29.95	927.56
29.95	927.71
29.96	927.87
29.96	928.02
29.96	928.18
30.00	927.40
30.00	927.55
30.01	927.71
30.01	927.86
30.01	928.01
30.02	928.17
30.02	928.32
30.06	927.54
30.06	927.70
30.06	927.85
30.07	928.00
30.07	928.16
30.08	928.31
30.08	928.46
30.11	927.69
30.14	927.20
30.14	927.35
30.16	927.00
30.17	927.15
30.17	927.30
30.17	927.46
30.20	927.08
30.20	927.23
30.20	927.39
30.21	927.54
30.23	927.16
30.23	927.32
30.24	927.47
30.24	927.62
30.25	927.77
30.27	927.27
30.27	927.42
30.28	927.57
30.28	927.72
30.29	927.88
30.29	928.03
30.32	927.39
30.32	927.54
30.33	927.70
30.33	927.85
30.34	928.00
30.34	928.15
30.35	928.30
30.38	927.54
30.38	927.69
30.39	927.84
30.39	927.99
30.40	928.14
30.40	928.29
30.40	928.45
30.44	927.68
30.44	927.83
30.45	927.98
30.45	928.13
30.45	928.28
30.46	928.44
30.46	928.59
30.49	927.82
30.52	927.34
30.52	927.49
30.54	927.14
30.55	927.29
30.55	927.44
30.56	927.59
30.58	927.22
30.58	927.37
30.59	927.52
30.59	927.67
30.61	927.30
30.61	927.45
30.62	927.60
30.62	927.75
30.63	927.91
30.65	927.40
30.66	927.55
30.66	927.71
30.66	927.86
30.67	928.01
30.67	928.16
30.70	927.53
30.71	927.68
30.71	927.83
30.71	927.98
30.72	928.13
30.72	928.28
30.73	928.43
30.76	927.67
30.76	927.82
30.77	927.97
30.77	928.12
30.78	928.27
30.78	928.42
30.78	928.57
30.82	927.81
30.82	927.96
30.83	928.11
30.83	928.26
30.83	928.41
30.84	928.56
30.84	928.71
30.88	927.95
30.90	927.47
30.90	927.62
30.93	927.28
30.93	927.43
30.93	927.57
30.94	927.72
30.96	927.36
30.96	927.51
30.97	927.65
30.97	927.80
30.99	927.44
31.00	927.59
31.00	927.73
31.00	927.88
31.01	928.03
31.03	927.54
31.04	927.69
31.04	927.84
31.05	927.98
31.05	928.13
31.05	928.28
31.08	927.66
31.09	927.81
31.09	927.95
31.10	928.10
31.10	928.25
31.10	928.40
31.11	928.55
31.14	927.80
31.15	927.95
31.15	928.09
31.15	928.24
31.16	928.39
31.16	928.54
31.17	928.69
31.20	927.94
31.20	928.09
31.21	928.23
31.21	928.38
31.22	928.53
31.22	928.68
31.22	928.82
31.26	928.08
31.28	927.61
31.29	927.75
31.31	927.41
31.31	927.56
31.31	927.70
31.32	927.85
31.34	927.49
31.34	927.64
31.35	927.78
31.35	927.93
31.37	927.57
31.38	927.72
31.38	927.86
31.39	928.01
31.39	928.16
31.41	927.67
31.42	927.81
31.42	927.96
31.43	928.11
31.43	928.25
31.44	928.40
31.46	927.79
31.47	927.93
31.47	928.08
31.48	928.23
31.48	928.37
31.49	928.52
31.49	928.66
31.52	927.92
31.53	928.07
31.53	928.22
31.54	928.36
31.54	928.51
31.54	928.65
31.55	928.80
31.58	928.06
31.59	928.21
31.59	928.35
31.59	928.50
31.60	928.65
31.60	928.79
31.61	928.94
31.64	928.20
31.66	927.73
31.67	927.88
31.69	927.54
31.69	927.69
31.70	927.83
31.70	927.98
31.72	927.62
31.73	927.76
31.73	927.91
31.73	928.05
31.75	927.70
31.76	927.84
31.76	927.99
31.77	928.13
31.77	928.28
31.80	927.80
31.80	927.94
31.80	928.08
31.81	928.23
31.81	928.37
31.82	928.52
31.85	927.91
31.85	928.06
31.85	928.20
31.86	928.35
31.86	928.49
31.87	928.63
31.87	928.78
31.90	928.05
31.91	928.19
31.91	928.34
31.92	928.48
31.92	928.63
31.93	928.77
31.93	928.91
31.96	928.18
31.97	928.33
31.97	928.47
31.97	928.62
31.98	928.76
31.98	928.90
31.99	929.05
32.02	928.32
32.05	927.86
32.05	928.00
32.07	927.67
32.07	927.81
32.08	927.96
32.08	928.10
32.10	927.75
32.11	927.89
32.11	928.03
32.12	928.18
32.14	927.82
32.14	927.97
32.14	928.11
32.15	928.25
32.15	928.40
32.18	927.92
32.18	928.06
32.19	928.21
32.19	928.35
32.19	928.49
32.20	928.63
32.23	928.03
32.23	928.18
32.24	928.32
32.24	928.46
32.24	928.61
32.25	928.75
32.25	928.89
32.29	928.17
32.29	928.31
32.29	928.45
32.30	928.60
32.30	928.74
32.31	928.88
32.31	929.02
32.34	928.30
32.35	928.44
32.35	928.59
32.36	928.73
32.36	928.87
32.36	929.01
32.37	929.15
32.40	928.43
32.43	927.98
32.43	928.12
32.45	927.79
32.45	927.93
32.46	928.08
32.46	928.22
32.48	927.87
32.49	928.01
32.49	928.15
32.50	928.29
32.52	927.94
32.52	928.09
32.53	928.23
32.53	928.37
32.53	928.51
32.56	928.04
32.56	928.18
32.57	928.32
32.57	928.46
32.58	928.61
32.58	928.75
32.61	928.15
32.61	928.29
32.62	928.44
32.62	928.58
32.63	928.72
32.63	928.86
32.63	929.00
32.67	928.29
32.67	928.43
32.68	928.57
32.68	928.71
32.68	928.85
32.69	928.99
32.69	929.13
32.73	928.42
32.73	928.56
32.73	928.70
32.74	928.84
32.74	928.98
32.75	929.12
32.75	929.26
32.78	928.55
32.81	928.10
32.81	928.24
32.83	927.91
32.84	928.05
32.84	928.19
32.84	928.33
32.87	927.99
32.87	928.13
32.87	928.27
32.88	928.41
32.90	928.06
32.90	928.20
32.91	928.34
32.91	928.48
32.92	928.62
32.94	928.16
32.94	928.30
32.95	928.44
32.95	928.58
32.96	928.72
32.96	928.86
32.99	928.27
32.99	928.41
33.00	928.55
33.00	928.69
33.01	928.83
33.01	928.97
33.02	929.11
33.05	928.40
33.05	928.54
33.06	928.68
33.06	928.82
33.07	928.96
33.07	929.10
33.07	929.23
33.11	928.53
33.11	928.67
33.12	928.81
33.12	928.95
33.12	929.09
33.13	929.22
33.13	929.36
33.17	928.66
33.19	928.22
33.19	928.36
33.21	928.03
33.22	928.17
33.22	928.31
33.23	928.45
33.25	928.11
33.25	928.24
33.26	928.38
33.26	928.52
33.28	928.18
33.28	928.32
33.29	928.46
33.29	928.60
33.30	928.73
33.32	928.27
33.33	928.41
33.33	928.55
33.33	928.69
33.34	928.82
33.34	928.96
33.37	928.38
33.38	928.52
33.38	928.66
33.38	928.80
33.39	928.93
33.39	929.07
33.40	929.21
33.43	928.51
33.43	928.65
33.44	928.79
33.44	928.92
33.45	929.06
33.45	929.20
33.45	929.34
33.49	928.64
33.49	928.78
33.50	928.92
33.50	929.05
33.50	929.19
33.51	929.33
33.51	929.46
33.55	928.77
33.57	928.33
33.57	928.47
33.60	928.15
33.60	928.28
33.60	928.42
33.61	928.56
33.63	928.22
33.63	928.36
33.64	928.49
33.64	928.63
33.66	928.29
33.67	928.43
33.67	928.57
33.67	928.70
33.68	928.84
33.70	928.39
33.71	928.52
33.71	928.66
33.72	928.79
33.72	928.93
33.72	929.07
33.75	928.49
33.76	928.63
33.76	928.77
33.77	928.90
33.77	929.04
33.77	929.18
33.78	929.31
33.81	928.62
33.82	928.76
33.82	928.89
33.82	929.03
33.83	929.17
33.83	929.30
33.84	929.44
33.87	928.75
33.87	928.88
33.88	929.02
33.88	929.16
33.89	929.29
33.89	929.43
33.89	929.56
33.93	928.87
33.95	928.44
33.96	928.58
33.98	928.26
33.98	928.40
33.98	928.53
33.99	928.67
34.01	928.33
34.01	928.47
34.02	928.60
34.02	928.74
34.04	928.41
34.05	928.54
34.05	928.68
34.06	928.81
34.06	928.95
34.08	928.50
34.09	928.63
34.09	928.77
34.10	928.90
34.10	929.03
34.11	929.17
34.13	928.60
34.14	928.74
34.14	928.87
34.15	929.01
34.15	929.14
34.16	929.28
34.16	929.41
34.19	928.73
34.20	928.86
34.20	929.00
34.21	929.13
34.21	929.27
34.21	929.40
34.22	929.53
34.25	928.85
34.26	928.99
34.26	929.12
34.26	929.26
34.27	929.39
34.27	929.52
34.28	929.66
34.31	928.98
34.33	928.55
34.34	928.68
34.36	928.37
34.36	928.51
34.37	928.64
34.37	928.77
34.39	928.44
34.40	928.58
34.40	928.71
34.40	928.84
34.42	928.51
34.43	928.65
34.43	928.78
34.44	928.91
34.44	929.05
34.47	928.60
34.47	928.74
34.47	928.87
34.48	929.00
34.48	929.14
34.49	929.27
34.52	928.71
34.52	928.84
34.52	928.98
34.53	929.11
34.53	929.24
34.54	929.37
34.54	929.51
34.57	928.83
34.58	928.97
34.58	929.10
34.59	929.23
34.59	929.36
34.60	929.50
34.60	929.63
34.63	928.96
34.64	929.09
34.64	929.22
34.65	929.35
34.65	929.49
34.65	929.62
34.66	929.75
34.69	929.08
34.72	928.66
34.72	928.79
34.74	928.48
34.74	928.61
34.75	928.74
34.75	928.88
34.77	928.55
34.78	928.68
34.78	928.81
34.79	928.95
34.81	928.62
34.81	928.75
34.81	928.88
34.82	929.02
34.82	929.15
34.85	928.71
34.85	928.84
34.86	928.97
34.86	929.10
34.86	929.23
34.87	929.37
34.90	928.81
34.90	928.94
34.91	929.08
34.91	929.21
34.91	929.34
34.92	929.47
34.92	929.60
34.96	928.94
34.96	929.07
34.96	929.20
34.97	929.33
34.97	929.46
34.98	929.59
34.98	929.72
35.01	929.06
35.02	929.19
35.02	929.32
35.03	929.45
35.03	929.58
35.03	929.71
35.04	929.84
35.07	929.18
35.10	928.76
35.10	928.89
35.12	928.59
35.13	928.72
35.13	928.85
35.13	928.98
35.15	928.65
35.16	928.79
35.16	928.92
35.17	929.05
35.19	928.72
35.19	928.85
35.20	928.98
35.20	929.12
35.20	929.25
35.23	928.81
35.23	928.94
35.24	929.07
35.24	929.20
35.25	929.33
35.25	929.46
35.28	928.91
35.28	929.04
35.29	929.17
35.29	929.30
35.30	929.43
35.30	929.56
35.30	929.69
35.34	929.04
35.34	929.16
35.35	929.29
35.35	929.42
35.35	929.55
35.36	929.68
35.36	929.81
35.40	929.16
35.40	929.28
35.40	929.41
35.41	929.54
35.41	929.67
35.42	929.80
35.42	929.93
35.45	929.28
35.48	928.86
35.48	928.99
35.50	928.69
35.51	928.82
35.51	928.95
35.51	929.08
35.54	928.76
35.54	928.89
35.54	929.02
35.55	929.14
35.57	928.83
35.57	928.95
35.58	929.08
35.58	929.21
35.59	929.34
35.61	928.91
35.61	929.04
35.62	929.17
35.62	929.30
35.63	929.43
35.63	929.55
35.66	929.01
35.66	929.14
35.67	929.27
35.67	929.40
35.68	929.53
35.68	929.66
35.69	929.78
35.72	929.13
35.72	929.26
35.73	929.39
35.73	929.52
35.74	929.65
35.74	929.77
35.74	929.90
35.78	929.25
35.78	929.38
35.79	929.51
35.79	929.64
35.79	929.76
35.80	929.89
35.80	930.02
35.84	929.37
35.86	928.96
35.86	929.09
35.88	928.79
35.89	928.92
35.89	929.04
35.90	929.17
35.92	928.86
35.92	928.98
35.93	929.11
35.93	929.24
35.95	928.93
35.95	929.05
35.96	929.18
35.96	929.31
35.97	929.43
35.99	929.01
36.00	929.14
36.00	929.26
36.00	929.39
36.01	929.52
36.01	929.65
36.04	929.11
36.05	929.24
36.05	929.36
36.05	929.49
36.06	929.62
36.06	929.75
36.07	929.87
36.10	929.23
36.10	929.36
36.11	929.48
36.11	929.61
36.12	929.74
36.12	929.86
36.13	929.99
36.16	929.35
36.16	929.47
36.17	929.60
36.17	929.73
36.17	929.85
36.18	929.98
36.18	930.11
36.22	929.46
36.24	929.06
36.25	929.18
36.27	928.89
36.27	929.01
36.27	929.14
36.28	929.27
36.30	928.96
36.30	929.08
36.31	929.21
36.31	929.33
36.33	929.02
36.34	929.15
36.34	929.27
36.34	929.40
36.35	929.53
36.37	929.11
36.38	929.23
36.38	929.36
36.39	929.48
36.39	929.61
36.39	929.74
36.42	929.21
36.43	929.33
36.43	929.46
36.44	929.58
36.44	929.71
36.44	929.83
36.45	929.96
36.48	929.32
36.49	929.45
36.49	929.57
36.49	929.70
36.50	929.82
36.50	929.95
36.51	930.07
36.54	929.44
36.54	929.56
36.55	929.69
36.55	929.81
36.56	929.94
36.56	930.06
36.56	930.19
36.60	929.55
36.62	929.15
36.63	929.28
36.65	928.98
36.65	929.11
36.65	929.23
36.66	929.36
36.68	929.05
36.68	929.18
36.69	929.30
36.69	929.43
36.71	929.12
36.72	929.24
36.72	929.37
36.73	929.49
36.73	929.62
36.75	929.20
36.76	929.32
36.76	929.45
36.77	929.57
36.77	929.70
36.78	929.82
36.80	929.30
36.81	929.42
36.81	929.55
36.82	929.67
36.82	929.80
36.83	929.92
36.83	930.04
36.86	929.41
36.87	929.54
36.87	929.66
36.88	929.79
36.88	929.91
36.88	930.03
36.89	930.16
36.92	929.53
36.93	929.65
36.93	929.78
36.93	929.90
36.94	930.02
36.94	930.15
36.95	930.27
36.98	929.64
37.00	929.24
37.01	929.37
37.03	929.08
37.03	929.20
37.04	929.33
37.04	929.45
37.06	929.14
37.07	929.27
37.07	929.39
37.07	929.52
37.09	929.21
37.10	929.33
37.10	929.46
37.11	929.58
37.11	929.70
37.14	929.29
37.14	929.42
37.14	929.54
37.15	929.66
37.15	929.78
37.16	929.91
37.19	929.39
37.19	929.51
37.19	929.64
37.20	929.76
37.20	929.88
37.21	930.00
37.21	930.13
37.24	929.50
37.25	929.63
37.25	929.75
37.26	929.87
37.26	929.99
37.27	930.12
37.27	930.24
37.30	929.62
37.31	929.74
37.31	929.86
37.32	929.98
37.32	930.11
37.32	930.23
37.33	930.35
37.36	929.73
37.39	929.34
37.39	929.46
37.41	929.17
37.41	929.29
37.42	929.42
37.42	929.54
37.44	929.24
37.45	929.36
37.45	929.48
37.46	929.60
37.48	929.30
37.48	929.42
37.48	929.55
37.49	929.67
37.49	929.79
37.52	929.38
37.52	929.50
37.53	929.63
37.53	929.75
37.53	929.87
37.54	929.99
37.57	929.48
37.57	929.60
37.58	929.72
37.58	929.84
37.58	929.97
37.59	930.09
37.59	930.21
37.63	929.59
37.63	929.71
37.63	929.83
37.64	929.96
37.64	930.08
37.65	930.20
37.65	930.32
37.68	929.70
37.69	929.82
37.69	929.95
37.70	930.07
37.70	930.19
37.70	930.31
37.71	930.43
37.74	929.81
37.77	929.42
37.77	929.55
37.79	929.26
37.80	929.38
37.80	929.50
37.80	929.63
37.82	929.33
37.83	929.45
37.83	929.57
37.84	929.69
37.86	929.39
37.86	929.51
37.87	929.63
37.87	929.75
37.87	929.87
37.90	929.47
37.90	929.59
37.91	929.71
37.91	929.83
37.92	929.95
37.92	930.07
37.95	929.57
37.95	929.69
37.96	929.81
37.96	929.93
37.97	930.05
37.97	930.17
37.97	930.29
38.01	929.68
38.01	929.80
38.02	929.92
38.02	930.04
38.02	930.16
38.03	930.28
38.03	930.40
38.07	929.79
38.07	929.91
38.07	930.03
38.08	930.15
38.08	930.27
38.09	930.39
38.09	930.51
38.12	929.90
38.15	929.51
38.15	929.63
38.17	929.35
38.18	929.47
38.18	929.59
38.18	929.71
38.21	929.41
38.21	929.53
38.21	929.65
38.22	929.77
38.24	929.48
38.24	929.60
38.25	929.72
38.25	929.84
38.26	929.96
38.28	929.56
38.28	929.68
38.29	929.80
38.29	929.91
38.30	930.03
38.30	930.15
38.33	929.65
38.33	929.77
38.34	929.89
38.34	930.01
38.35	930.13
38.35	930.25
38.36	930.37
38.39	929.76
38.39	929.88
38.40	930.00
38.40	930.12
38.41	930.24
38.41	930.36
38.41	930.47
38.45	929.87
38.45	929.99
38.46	930.11
38.46	930.23
38.46	930.35
38.47	930.46
38.47	930.58
38.51	929.98
38.53	929.60
38.53	929.72
38.55	929.44
38.56	929.56
38.56	929.68
38.57	929.79
38.59	929.50
38.59	929.62
38.60	929.74
38.60	929.86
38.62	929.56
38.62	929.68
38.63	929.80
38.63	929.92
38.64	930.04
38.66	929.64
38.67	929.76
38.67	929.88
38.67	930.00
38.68	930.11
38.68	930.23
38.71	929.73
38.72	929.85
38.72	929.97
38.72	930.09
38.73	930.21
38.73	930.32
38.74	930.44
38.77	929.84
38.77	929.96
38.78	930.08
38.78	930.20
38.79	930.31
38.79	930.43
38.80	930.55
38.83	929.95
38.83	930.07
38.84	930.19
38.84	930.30
38.85	930.42
38.85	930.54
38.85	930.66
38.89	930.06
38.91	929.68
38.92	929.80
38.94	929.52
38.94	929.64
38.94	929.76
38.95	929.88
38.97	929.59
38.97	929.70
38.98	929.82
38.98	929.94
39.00	929.65
39.01	929.76
39.01	929.88
39.01	930.00
39.02	930.12
39.04	929.72
39.05	929.84
39.05	929.96
39.06	930.08
39.06	930.19
39.06	930.31
39.09	929.82
39.10	929.93
39.10	930.05
39.11	930.17
39.11	930.28
39.11	930.40
39.12	930.52
39.15	929.92
39.16	930.04
39.16	930.16
39.16	930.27
39.17	930.39
39.17	930.51
39.18	930.62
39.21	930.03
39.21	930.15
39.22	930.26
39.22	930.38
39.23	930.50
39.23	930.61
39.23	930.73
39.27	930.14
39.29	929.76
39.30	929.88
39.32	929.61
39.32	929.72
39.33	929.84
39.33	929.96
39.35	929.67
39.35	929.78
39.36	929.90
39.36	930.02
39.38	929.73
39.39	929.85
39.39	929.96
39.40	930.08
39.40	930.19
39.42	929.81
39.43	929.92
39.43	930.04
39.44	930.15
39.44	930.27
39.45	930.38
39.47	929.90
39.48	930.01
39.48	930.13
39.49	930.24
39.49	930.36
39.50	930.48
39.50	930.59
39.53	930.00
39.54	930.12
39.54	930.23
39.55	930.35
39.55	930.46
39.55	930.58
39.56	930.70
39.59	930.11
39.60	930.22
39.60	930.34
39.60	930.45
39.61	930.57
39.61	930.69
39.62	930.80
39.65	930.21
39.67	929.84
39.68	929.96
39.70	929.69
39.70	929.80
39.71	929.92
39.71	930.03
39.73	929.75
39.74	929.86
39.74	929.98
39.74	930.09
39.76	929.81
39.77	929.93
39.77	930.04
39.78	930.15
39.78	930.27
39.81	929.89
39.81	930.00
39.81	930.11
39.82	930.23
39.82	930.34
39.83	930.46
39.86	929.98
39.86	930.09
39.86	930.20
39.87	930.32
39.87	930.43
39.88	930.55
39.88	930.66
39.91	930.08
39.92	930.19
39.92	930.31
39.93	930.42
39.93	930.54
39.94	930.65
39.94	930.77
39.97	930.18
39.98	930.30
39.98	930.41
39.99	930.53
39.99	930.64
39.99	930.76
40.00	930.87
40.03	930.29
40.03	0.00
