1.000000 0
1.020320 1
1.020320 2
1.044640 3
1.044640 4
1.048800 5
1.048800 6
1.068960 7
1.068960 8
1.073120 9
1.073120 10
1.077280 11
1.077280 12
1.081440 13
1.081440 14
1.093280 15
1.093280 16
1.097440 17
1.097440 18
1.101600 19
1.101600 20
1.105760 21
1.105760 22
1.109920 23
1.109920 24
1.114080 25
1.114080 26
1.118240 27
1.118240 28
1.122400 29
1.122400 30
1.126560 31
1.126560 32
1.130720 33
1.130720 34
1.134880 35
1.134880 36
1.139040 37
1.139040 38
1.143200 39
1.147360 40
1.151520 41
1.155680 42
1.159840 43
1.164000 44
1.168160 45
1.172320 46
1.176480 47
1.188960 28
1.238880 30
1.238880 31
1.263200 32
1.263200 33
1.263200 34
1.267360 35
1.287520 36
1.287520 37
1.291680 38
1.295840 39
1.295840 40
1.300000 41
1.311840 42
1.311840 43
1.316000 44
1.320160 48
1.320160 49
1.320160 50
1.320160 51
1.320160 52
1.320160 53
1.320160 54
1.324320 55
1.328480 56
1.353440 57
1.353440 58
1.357600 59
1.357600 60
1.361760 61
1.365920 62
1.370080 63
1.374240 64
1.378400 65
1.382560 66
1.386720 67
1.390880 68
1.395040 69
1.399200 70
1.403360 71
1.403360 72
1.407520 73
1.411680 74
1.415840 75
1.420000 76
1.424160 77
1.428320 78
1.432480 79
1.436640 80
1.440800 81
1.444960 82
1.449120 83
1.449120 84
1.453280 85
1.457440 86
1.461600 87
1.465760 88
1.469920 89
1.474080 90
1.478240 91
1.482400 92
1.486560 93
1.490720 94
1.494880 95
1.499040 96
1.503200 97
1.503200 98
1.507360 99
1.511520 100
1.515680 101
1.519840 102
1.524000 103
1.528160 104
1.532320 105
1.536480 106
1.540640 107
1.544800 108
1.548960 109
1.553120 110
1.557280 111
1.557280 112
1.561440 113
1.565600 114
1.569760 115
1.573920 116
1.578080 117
1.582240 118
1.586400 119
1.590560 120
1.594720 121
1.598880 122
1.603040 123
1.607200 124
1.611360 125
1.615520 126
1.619680 127
1.619680 128
1.623840 129
1.628000 130
1.632160 131
1.636320 132
1.640480 133
1.644640 134
1.648800 135
1.652960 136
1.657120 137
1.661280 138
1.665440 139
1.669600 140
1.673760 141
1.677920 142
1.682080 143
1.686240 144
1.690400 128
1.748640 145
1.748640 146
1.772960 147
1.772960 148
1.777120 149
1.777120 150
1.797280 151
1.797280 152
1.801440 153
1.801440 154
1.805600 155
1.805600 156
1.809760 157
1.821600 158
1.825760 159
1.829920 160
1.834080 161
1.838240 162
1.842400 163
1.846560 164
1.846560 165
1.850720 166
1.854880 167
1.859040 168
1.863200 169
1.867360 170
1.871520 171
1.875680 172
1.879840 173
1.879840 174
1.884000 175
1.888160 176
1.892320 177
1.896480 178
1.900640 179
1.904800 180
1.908960 181
1.913120 182
1.917280 183
1.921440 184
1.921440 185
1.925600 186
1.929760 187
1.933920 188
1.938080 189
1.942240 190
1.946400 191
1.950560 192
1.954720 193
1.958880 194
1.963040 195
1.963040 196
1.967200 197
1.971360 198
1.975520 199
1.979680 200
1.983840 201
1.988000 202
1.992160 203
1.996320 204
2.000480 205
2.004640 206
2.008800 207
2.012960 208
2.012960 209
2.017120 210
2.021280 211
2.025440 212
2.029600 213
2.033760 214
2.037920 215
2.042080 216
2.046240 217
2.050400 218
2.054560 219
2.058720 220
2.062880 221
2.062880 222
2.067040 223
2.071200 224
2.075360 225
2.079520 226
2.083680 227
2.087840 228
2.092000 229
2.096160 230
2.100320 231
2.104480 232
2.108640 233
2.112800 234
2.116960 235
2.121120 236
2.121120 237
2.125280 238
2.129440 239
2.133600 240
2.137760 241
2.141920 242
2.146080 243
2.150240 244
2.154400 245
2.158560 246
2.162720 247
2.166880 248
2.171040 249
2.175200 250
2.179360 251
2.179360 252
2.183520 253
2.187680 254
2.191840 255
2.196000 256
2.200160 257
2.204320 258
2.208480 259
2.212640 260
2.216800 261
2.220960 262
2.225120 263
2.229280 264
2.233440 265
2.237600 266
2.241760 267
2.245920 268
2.250080 252
2.308320 269
2.308320 270
2.332640 271
2.332640 272
2.336800 273
2.336800 274
2.356960 275
2.356960 276
2.361120 277
2.361120 278
2.365280 279
2.365280 280
2.369440 281
2.381280 282
2.385440 283
2.389600 284
2.393760 285
2.397920 286
2.402080 287
2.406240 288
2.406240 289
2.410400 290
2.414560 291
2.418720 292
2.422880 293
2.427040 294
2.431200 295
2.435360 296
2.439520 297
2.439520 298
2.443680 299
2.447840 300
2.452000 301
2.456160 302
2.460320 303
2.464480 304
2.468640 305
2.472800 306
2.476960 307
2.481120 308
2.481120 309
2.485280 310
2.489440 311
2.493600 312
2.497760 313
2.501920 314
2.506080 315
2.510240 316
2.514400 317
2.518560 318
2.522720 319
2.522720 320
2.526880 321
2.531040 322
2.535200 323
2.539360 324
2.543520 325
2.547680 326
2.551840 327
2.556000 328
2.560160 329
2.564320 330
2.568480 331
2.572640 332
2.572640 333
2.576800 334
2.580960 335
2.585120 336
2.589280 337
2.593440 338
2.597600 339
2.601760 340
2.605920 341
2.610080 342
2.614240 343
2.618400 344
2.622560 345
2.622560 346
2.626720 347
2.630880 348
2.635040 349
2.639200 350
2.643360 351
2.647520 352
2.651680 353
2.655840 354
2.660000 355
2.664160 356
2.668320 357
2.672480 358
2.676640 359
2.680800 360
2.680800 361
2.684960 362
2.689120 363
2.693280 364
2.697440 365
2.701600 366
2.705760 367
2.709920 368
2.714080 369
2.718240 370
2.722400 371
2.726560 372
2.730720 373
2.734880 374
2.739040 375
2.739040 376
2.743200 377
2.747360 378
2.751520 379
2.755680 380
2.759840 381
2.764000 382
2.768160 383
2.772320 384
2.776480 385
2.780640 386
2.784800 387
2.788960 388
2.793120 389
2.797280 390
2.801440 391
2.805600 392
2.809760 376
2.868000 393
2.868000 394
2.892320 395
2.892320 396
2.896480 397
2.896480 398
2.916640 399
2.916640 400
2.920800 401
2.920800 402
2.924960 403
2.924960 404
2.929120 405
2.940960 406
2.945120 407
2.949280 408
2.953440 409
2.957600 410
2.961760 411
2.965920 412
2.965920 413
2.970080 414
2.974240 415
2.978400 416
2.982560 417
2.986720 418
2.990880 419
2.995040 420
2.999200 421
2.999200 422
3.003360 423
3.007520 424
3.011680 425
3.015840 426
3.020000 427
3.024160 428
3.028320 429
3.032480 430
3.036640 431
3.040800 432
3.040800 433
3.044960 434
3.049120 435
3.053280 436
3.057440 437
3.061600 438
3.065760 439
3.069920 440
3.074080 441
3.078240 442
3.082400 443
3.082400 444
3.086560 445
3.090720 446
3.094880 447
3.099040 448
3.103200 449
3.107360 450
3.111520 451
3.115680 452
3.119840 453
3.124000 454
3.128160 455
3.132320 456
3.132320 457
3.136480 458
3.140640 459
3.144800 460
3.148960 461
3.153120 462
3.157280 463
3.161440 464
3.165600 465
3.169760 466
3.173920 467
3.178080 468
3.182240 469
3.182240 470
3.186400 471
3.190560 472
3.194720 473
3.198880 474
3.203040 475
3.207200 476
3.211360 477
3.215520 478
3.219680 479
3.223840 480
3.228000 481
3.232160 482
3.236320 483
3.240480 484
3.240480 485
3.244640 486
3.248800 487
3.252960 488
3.257120 489
3.261280 490
3.265440 491
3.269600 492
3.273760 493
3.277920 494
3.282080 495
3.286240 496
3.290400 497
3.294560 498
3.298720 499
3.298720 500
3.302880 501
3.307040 502
3.311200 503
3.315360 504
3.319520 505
3.323680 506
3.327840 507
3.332000 508
3.336160 509
3.340320 510
3.344480 511
3.348640 512
3.352800 513
3.356960 514
3.361120 515
3.365280 516
3.369440 500
3.427680 517
3.427680 518
3.452000 519
3.452000 520
3.456160 521
3.456160 522
3.476320 523
3.476320 524
3.480480 525
3.480480 526
3.484640 527
3.484640 528
3.488800 529
3.500640 530
3.504800 531
3.508960 532
3.513120 533
3.517280 534
3.521440 535
3.525600 536
3.525600 537
3.529760 538
3.533920 539
3.538080 540
3.542240 541
3.546400 542
3.550560 543
3.554720 544
3.558880 545
3.558880 546
3.563040 547
3.567200 548
3.571360 549
3.575520 550
3.579680 551
3.583840 552
3.588000 553
3.592160 554
3.596320 555
3.600480 556
3.600480 557
3.604640 558
3.608800 559
3.612960 560
3.617120 561
3.621280 562
3.625440 563
3.629600 564
3.633760 565
3.637920 566
3.642080 567
3.642080 568
3.646240 569
3.650400 570
3.654560 571
3.658720 572
3.662880 573
3.667040 574
3.671200 575
3.675360 576
3.679520 577
3.683680 578
3.687840 579
3.692000 580
3.692000 581
3.696160 582
3.700320 583
3.704480 584
3.708640 585
3.712800 586
3.716960 587
3.721120 588
3.725280 589
3.729440 590
3.733600 591
3.737760 592
3.741920 593
3.741920 594
3.746080 595
3.750240 596
3.754400 597
3.758560 598
3.762720 599
3.766880 600
3.771040 601
3.775200 602
3.779360 603
3.783520 604
3.787680 605
3.791840 606
3.796000 607
3.800160 608
3.800160 609
3.804320 610
3.808480 611
3.812640 612
3.816800 613
3.820960 614
3.825120 615
3.829280 616
3.833440 617
3.837600 618
3.841760 619
3.845920 620
3.850080 621
3.854240 622
3.858400 623
3.858400 624
3.862560 625
3.866720 626
3.870880 627
3.875040 628
3.879200 629
3.883360 630
3.887520 631
3.891680 632
3.895840 633
3.900000 634
3.904160 635
3.908320 636
3.912480 637
3.916640 638
3.920800 639
3.924960 640
3.929120 624
3.987360 641
3.987360 642
