1.10	0.00
1.30	1.57
1.31	41.44
1.51	41.50
1.51	61.24
1.52	80.58
1.52	99.54
1.71	81.96
1.72	94.89
1.72	107.65
1.73	120.24
1.73	132.66
1.73	144.91
1.74	157.01
1.74	168.95
1.92	142.91
1.92	152.32
1.93	161.63
1.93	170.84
1.93	179.97
1.94	189.00
1.94	197.95
1.95	206.81
1.95	215.58
1.95	224.26
1.96	232.86
1.96	241.38
1.97	249.82
1.97	258.17
1.98	266.45
1.98	274.65
2.12	244.64
2.13	251.75
2.13	258.82
2.13	265.82
2.14	272.77
2.14	279.66
2.15	286.50
2.15	293.28
2.16	300.02
2.16	306.69
2.16	313.32
2.17	319.89
2.17	326.41
2.18	332.89
2.18	339.31
2.18	345.68
2.19	352.01
2.19	358.28
2.20	364.51
2.20	370.69
2.33	339.60
2.33	345.21
2.33	350.79
2.34	356.33
2.34	361.83
2.35	367.30
2.35	372.73
2.36	378.12
2.36	383.48
2.36	388.80
2.37	394.09
2.37	399.35
2.38	404.56
2.38	409.75
2.38	414.90
2.39	420.02
2.39	425.11
2.40	430.16
2.40	435.18
2.41	440.17
2.53	407.43
2.53	412.05
2.54	416.64
2.54	421.20
2.55	425.74
2.55	430.26
2.56	434.74
2.56	439.21
2.56	443.64
2.57	448.05
2.57	452.44
2.58	456.80
2.58	461.14
2.58	465.45
2.59	469.74
2.59	474.01
2.60	478.25
2.60	482.46
2.61	486.66
2.61	490.83
2.73	458.30
2.74	462.21
2.74	466.11
2.75	469.98
2.75	473.84
2.76	477.67
2.76	481.49
2.76	485.29
2.77	489.06
2.77	492.82
2.78	496.56
2.78	500.29
2.78	503.99
2.79	507.67
2.79	511.34
2.80	514.99
2.80	518.62
2.81	522.24
2.81	525.83
2.81	529.41
2.94	497.87
2.94	501.26
2.95	504.63
2.95	507.99
2.96	511.34
2.96	514.67
2.96	517.98
2.97	521.28
2.97	524.57
2.98	527.84
2.98	531.10
2.98	534.34
2.99	537.57
2.99	540.78
3.00	543.98
3.00	547.17
3.01	550.34
3.01	553.50
3.01	556.64
3.02	559.77
3.14	529.52
3.15	532.51
3.15	535.49
3.16	538.45
3.16	541.40
3.16	544.34
3.17	547.27
3.17	550.19
3.18	553.09
3.18	555.98
3.18	558.86
3.19	561.73
3.19	564.59
3.20	567.44
3.20	570.28
3.21	573.10
3.21	575.91
3.21	578.72
3.22	581.51
3.22	584.29
3.35	555.42
3.35	558.09
3.36	560.75
3.36	563.40
3.36	566.04
3.37	568.67
3.37	571.29
3.38	573.90
3.38	576.50
3.39	579.09
3.39	581.67
3.39	584.25
3.40	586.81
3.40	589.36
3.41	591.91
3.41	594.44
3.41	596.97
3.42	599.49
3.42	602.00
3.43	604.50
3.55	577.00
3.56	579.41
3.56	581.82
3.56	584.21
3.57	586.60
3.57	588.97
3.58	591.34
3.58	593.71
3.59	596.06
3.59	598.41
3.59	600.74
3.60	603.07
3.60	605.40
3.61	607.71
3.61	610.02
3.61	612.32
3.62	614.61
3.62	616.90
3.63	619.17
3.63	621.44
3.76	595.27
3.76	597.46
3.76	599.65
3.77	601.83
3.77	604.01
3.78	606.18
3.78	608.34
3.79	610.50
3.79	612.65
3.79	614.79
3.80	616.93
3.80	619.06
3.81	621.18
3.81	623.30
3.81	625.41
3.82	627.51
3.82	629.61
3.83	631.70
3.83	633.78
3.84	635.86
3.96	610.92
3.96	612.94
3.97	614.95
3.97	616.95
3.98	618.95
3.98	620.95
3.99	622.93
3.99	624.92
3.99	626.89
4.00	628.86
4.00	630.83
4.01	632.79
4.01	634.74
4.01	636.69
4.02	638.64
4.02	640.57
4.03	642.51
4.03	644.43
4.04	646.35
4.04	648.27
4.04	0.00
