1.000000 0
1.200320 1
1.200320 2
1.404640 3
1.404640 4
1.408800 5
1.408800 6
1.608960 7
1.608960 8
1.613120 9
1.613120 10
1.617280 11
1.617280 12
1.621440 13
1.621440 14
1.813280 15
1.813280 16
1.817440 17
1.817440 18
1.821600 19
1.821600 20
1.825760 21
1.825760 22
1.829920 23
1.829920 24
1.834080 25
1.834080 26
1.838240 27
1.838240 28
1.842400 29
1.842400 30
2.017600 31
2.017600 32
2.021760 33
2.021760 34
2.025920 35
2.025920 36
2.030080 37
2.030080 38
2.034240 39
2.038400 40
2.042560 41
2.046720 42
2.050880 43
2.055040 44
2.059200 45
2.063360 46
2.067520 47
2.071680 48
2.075840 49
2.080000 50
2.221920 51
2.226080 52
2.230240 53
2.234400 54
2.238560 55
2.242720 56
2.246880 57
2.251040 58
2.255200 59
2.259360 60
2.263520 61
2.267680 62
2.271840 63
2.276000 64
2.280160 65
2.284320 66
2.288480 67
2.292640 68
2.296800 69
2.300960 70
2.426240 71
2.430400 72
2.434560 73
2.438720 74
2.442880 75
2.447040 76
2.451200 77
2.455360 78
2.459520 79
2.463680 80
2.467840 81
2.472000 82
2.476160 83
2.480320 84
2.484480 85
2.488640 86
2.492800 87
2.496960 88
2.501120 89
2.505280 90
2.630560 91
2.634720 92
2.638880 93
2.643040 94
2.647200 95
2.651360 96
2.655520 97
2.659680 98
2.663840 99
2.668000 100
2.672160 101
2.676320 102
2.680480 103
2.684640 104
2.688800 105
2.692960 106
2.697120 107
2.701280 108
2.705440 109
2.709600 110
2.834880 111
2.839040 112
2.843200 113
2.847360 114
2.851520 115
2.855680 116
2.859840 117
2.864000 118
2.868160 119
2.872320 120
2.876480 121
2.880640 122
2.884800 123
2.888960 124
2.893120 125
2.897280 126
2.901440 127
2.905600 128
2.909760 129
2.913920 130
3.039200 131
3.043360 132
3.047520 133
3.051680 134
3.055840 135
3.060000 136
3.064160 137
3.068320 138
3.072480 139
3.076640 140
3.080800 141
3.084960 142
3.089120 143
3.093280 144
3.097440 145
3.101600 146
3.105760 147
3.109920 148
3.114080 149
3.118240 150
3.243520 151
3.247680 152
3.251840 153
3.256000 154
3.260160 155
3.264320 156
3.268480 157
3.272640 158
3.276800 159
3.280960 160
3.285120 161
3.289280 162
3.293440 163
3.297600 164
3.301760 165
3.305920 166
3.310080 167
3.314240 168
3.318400 169
3.322560 170
3.447840 171
3.452000 172
3.456160 173
3.460320 174
3.464480 175
3.468640 176
3.472800 177
3.476960 178
3.481120 179
3.485280 180
3.489440 181
3.493600 182
3.497760 183
3.501920 184
3.506080 185
3.510240 186
3.514400 187
3.518560 188
3.522720 189
3.526880 190
3.652160 191
3.656320 192
3.660480 193
3.664640 194
3.668800 195
3.672960 196
3.677120 197
3.681280 198
3.685440 199
3.689600 200
3.693760 201
3.697920 202
3.702080 203
3.706240 204
3.710400 205
3.714560 206
3.718720 207
3.722880 208
3.727040 209
3.731200 210
3.856480 211
3.860640 212
3.864800 213
3.868960 214
3.873120 215
3.877280 216
3.881440 217
3.885600 218
3.889760 219
3.893920 220
3.898080 221
3.902240 222
3.906400 223
3.910560 224
3.914720 225
3.918880 226
3.923040 227
3.927200 228
3.931360 229
3.935520 230
