1.01	0.00
1.03	13.16
1.04	303.37
1.06	348.68
1.06	478.79
1.07	589.89
1.07	685.86
1.08	688.60
1.09	759.34
1.09	822.83
1.10	880.15
1.10	932.14
1.10	979.52
1.11	1022.88
1.11	1062.70
1.12	1099.40
1.12	1133.33
1.12	1164.80
1.13	1194.07
1.13	1221.35
1.14	1246.85
1.14	1270.73
1.15	1293.14
1.15	1314.22
1.15	1334.08
1.16	1352.81
1.16	1370.53
1.17	1387.30
1.17	1403.19
1.17	1418.29
1.18	1432.64
1.18	1446.30
1.19	1459.31
1.19	1471.73
1.20	1483.59
1.20	1494.93
1.20	1505.79
1.21	1516.18
1.21	1526.15
1.22	1535.71
1.22	1544.90
1.22	1553.73
1.23	1562.23
1.23	1570.40
1.24	1578.28
1.24	1585.87
1.25	1593.20
1.25	1600.27
1.25	1607.10
1.26	1613.70
1.26	1620.08
1.27	1626.25
1.27	1632.23
1.27	1638.01
1.28	1643.62
1.28	1649.06
1.29	1654.34
1.29	1659.45
1.30	1664.42
1.30	1669.25
1.30	1673.94
1.31	1678.49
1.31	1682.93
1.32	1687.24
1.32	1691.43
1.32	1695.52
1.33	1699.50
1.33	1703.37
1.34	1707.15
1.34	1710.83
1.35	1714.42
1.35	1717.92
1.35	1721.34
1.36	1724.68
1.36	1727.93
1.37	1731.12
1.37	1734.22
1.37	1737.26
1.38	1740.23
1.38	1743.13
1.39	1745.96
1.39	1748.74
1.40	1751.45
1.40	1754.11
1.40	1756.71
1.41	1759.26
1.41	1761.75
1.42	1764.20
1.42	1766.59
1.42	1768.93
1.43	1771.23
1.43	1773.48
1.44	1775.69
1.44	1777.86
1.45	1779.99
1.45	1782.07
1.45	1784.12
1.46	1786.12
1.46	1788.09
1.47	1790.03
1.47	1791.93
1.47	1793.79
1.48	1795.63
1.48	1797.43
1.49	1799.19
1.49	1800.93
1.49	1802.64
1.50	1804.32
1.50	1805.97
1.51	1807.59
1.51	1809.19
1.52	1810.76
1.52	1812.30
1.52	1813.82
1.53	1815.32
1.53	1816.79
1.54	1818.24
1.54	1819.66
1.54	1821.07
1.55	1822.45
1.55	1823.81
1.56	1825.15
1.56	1826.47
1.57	1827.76
1.57	1829.05
1.57	1830.31
1.58	1831.55
1.58	1832.77
1.59	1833.98
1.59	1835.17
1.59	1836.34
1.60	1837.50
1.60	1838.64
1.61	1839.76
1.61	1840.87
1.62	1841.97
1.62	1843.04
1.62	1844.11
1.63	1845.16
1.63	1846.19
1.64	1847.22
1.64	1848.22
1.64	1849.22
1.65	1850.20
1.65	1851.17
1.66	1852.13
1.66	1853.07
1.67	1854.00
1.67	1854.92
1.67	1855.83
1.68	1856.73
1.68	1857.62
1.69	1858.50
1.69	1859.36
1.69	1860.22
1.70	1861.06
1.70	1861.89
1.71	1862.72
1.71	1863.53
1.72	1864.34
1.72	1865.13
1.72	1865.92
1.73	1866.70
1.73	1867.46
1.74	1868.22
1.74	1868.97
1.74	1869.72
1.75	1870.45
1.75	1871.18
1.76	1871.89
1.76	1872.60
1.77	1873.31
1.77	1874.00
1.77	1874.69
1.78	1875.36
1.78	1876.04
1.79	1876.70
1.79	1877.36
1.79	1878.01
1.80	1878.65
1.80	1879.29
1.81	1879.92
1.81	1880.54
1.82	1881.16
1.82	1881.77
1.82	1882.38
1.83	1882.97
1.83	1883.57
1.84	1884.15
1.84	1884.73
1.84	1885.31
1.85	1885.88
1.85	1886.44
1.86	1887.00
1.86	1887.55
1.87	1888.10
1.87	1888.64
1.87	1889.18
1.88	1889.71
1.88	1890.23
1.89	1890.76
1.89	1891.27
1.89	1891.78
1.90	1892.29
1.90	1892.79
1.91	1893.29
1.91	1893.78
1.92	1894.27
1.92	1894.76
1.92	1895.23
1.93	1895.71
1.93	1896.18
1.94	1896.65
1.94	1897.11
1.94	1897.57
1.95	1898.02
1.95	1898.47
1.96	1898.92
1.96	1899.36
1.97	1899.80
1.97	1900.23
1.97	1900.66
1.98	1901.09
1.98	1901.52
1.99	1901.94
1.99	1902.35
1.99	1902.76
2.00	1903.17
2.00	1903.58
2.01	1903.98
2.01	1904.38
2.01	1904.78
2.02	1905.17
2.02	1905.56
2.03	1905.95
2.03	1906.33
2.04	1906.71
2.04	1907.09
2.04	1907.46
2.05	1907.83
2.05	1908.20
2.06	1908.56
2.06	1908.92
2.06	1909.28
2.07	1909.64
2.07	1909.99
2.08	1910.34
2.08	1910.69
2.09	1911.04
2.09	1911.38
2.09	1911.72
2.10	1912.06
2.10	1912.39
2.11	1912.73
2.11	1913.06
2.11	1913.38
2.12	1913.71
2.12	1914.03
2.13	1914.35
2.13	1914.67
2.14	1914.98
2.14	1915.30
2.14	1915.61
2.15	1915.92
2.15	1916.22
2.16	1916.53
2.16	1916.83
2.16	1917.13
2.17	1917.43
2.17	1917.72
2.18	1918.01
2.18	1918.31
2.19	1918.60
2.19	1918.88
2.19	1919.17
2.20	1919.45
2.20	1919.73
2.21	1920.01
2.21	1920.29
2.21	1920.56
2.22	1920.84
2.22	1921.11
2.23	1921.38
2.23	1921.65
2.24	1921.91
2.24	1922.18
2.24	1922.44
2.25	1922.70
2.25	1922.96
2.26	1923.22
2.26	1923.47
2.26	1923.72
2.27	1923.98
2.27	1924.23
2.28	1924.48
2.28	1924.72
2.29	1924.97
2.29	1925.21
2.29	1925.45
2.30	1925.70
2.30	1925.94
2.31	1926.17
2.31	1926.41
2.31	1926.64
2.32	1926.88
2.32	1927.11
2.33	1927.34
2.33	1927.57
2.34	1927.80
2.34	1928.02
2.34	1928.25
2.35	1928.47
2.35	1928.69
2.36	1928.91
2.36	1929.13
2.36	1929.35
2.37	1929.56
2.37	1929.78
2.38	1929.99
2.38	1930.21
2.39	1930.42
2.39	1930.63
2.39	1930.84
2.40	1931.04
2.40	1931.25
2.41	1931.45
2.41	1931.66
2.41	1931.86
2.42	1932.06
2.42	1932.26
2.43	1932.46
2.43	1932.66
2.44	1932.85
2.44	1933.05
2.44	1933.24
2.45	1933.44
2.45	1933.63
2.46	1933.82
2.46	1934.01
2.46	1934.20
2.47	1934.39
2.47	1934.57
2.48	1934.76
2.48	1934.94
2.49	1935.13
2.49	1935.31
2.49	1935.49
2.50	1935.67
2.50	1935.85
2.51	1936.03
2.51	1936.21
2.51	1936.38
2.52	1936.56
2.52	1936.73
2.53	1936.91
2.53	1937.08
2.53	1937.25
2.54	1937.42
2.54	1937.59
2.55	1937.76
2.55	1937.93
2.56	1938.10
2.56	1938.26
2.56	1938.43
2.57	1938.59
2.57	1938.75
2.58	1938.92
2.58	1939.08
2.58	1939.24
2.59	1939.40
2.59	1939.56
2.60	1939.72
2.60	1939.88
2.61	1940.03
2.61	1940.19
2.61	1940.34
2.62	1940.50
2.62	1940.65
2.63	1940.80
2.63	1940.96
2.63	1941.11
2.64	1941.26
2.64	1941.41
2.65	1941.56
2.65	1941.70
2.66	1941.85
2.66	1942.00
2.66	1942.14
2.67	1942.29
2.67	1942.43
2.68	1942.58
2.68	1942.72
2.68	1942.86
2.69	1943.00
2.69	1943.15
2.70	1943.29
2.70	1943.42
2.71	1943.56
2.71	1943.70
2.71	1943.84
2.72	1943.98
2.72	1944.11
2.73	1944.25
2.73	1944.38
2.73	1944.52
2.74	1944.65
2.74	1944.78
2.75	1944.92
2.75	1945.05
2.76	1945.18
2.76	1945.31
2.76	1945.44
2.77	1945.57
2.77	1945.70
2.78	1945.82
2.78	1945.95
2.78	1946.08
2.79	1946.20
2.79	1946.33
2.80	1946.45
2.80	1946.58
2.81	1946.70
2.81	1946.83
2.81	1946.95
2.82	1947.07
2.82	1947.19
2.83	1947.31
2.83	1947.43
2.83	1947.55
2.84	1947.67
2.84	1947.79
2.85	1947.91
2.85	1948.03
2.86	1948.14
2.86	1948.26
2.86	1948.38
2.87	1948.49
2.87	1948.61
2.88	1948.72
2.88	1948.84
2.88	1948.95
2.89	1949.06
2.89	1949.18
2.90	1949.29
2.90	1949.40
2.91	1949.51
2.91	1949.62
2.91	1949.73
2.92	1949.84
2.92	1949.95
2.93	1950.06
2.93	1950.17
2.93	1950.27
2.94	1950.38
2.94	1950.49
2.95	1950.59
2.95	1950.70
2.96	1950.81
2.96	1950.91
2.96	1951.02
2.97	1951.12
2.97	1951.22
2.98	1951.33
2.98	1951.43
2.98	1951.53
2.99	1951.63
2.99	1951.74
3.00	1951.84
3.00	1951.94
3.01	1952.04
3.01	1952.14
3.01	1952.24
3.02	1952.34
3.02	1952.43
3.03	1952.53
3.03	1952.63
3.03	1952.73
3.04	1952.82
3.04	1952.92
3.05	1953.02
3.05	1953.11
3.05	1953.21
3.06	1953.30
3.06	1953.40
3.07	1953.49
3.07	1953.59
3.08	1953.68
3.08	1953.77
3.08	1953.87
3.09	1953.96
3.09	1954.05
3.10	1954.14
3.10	1954.23
3.10	1954.32
3.11	1954.41
3.11	1954.50
3.12	1954.59
3.12	1954.68
3.13	1954.77
3.13	1954.86
3.13	1954.95
3.14	1955.04
3.14	1955.13
3.15	1955.21
3.15	1955.30
3.15	1955.39
3.16	1955.47
3.16	1955.56
3.17	1955.64
3.17	1955.73
3.18	1955.81
3.18	1955.90
3.18	1955.98
3.19	1956.07
3.19	1956.15
3.20	1956.24
3.20	1956.32
3.20	1956.40
3.21	1956.48
3.21	1956.57
3.22	1956.65
3.22	1956.73
3.23	1956.81
3.23	1956.89
3.23	1956.97
3.24	1957.05
3.24	1957.13
3.25	1957.21
3.25	1957.29
3.25	1957.37
3.26	1957.45
3.26	1957.53
3.27	1957.61
3.27	1957.68
3.28	1957.76
3.28	1957.84
3.28	1957.92
3.29	1957.99
3.29	1958.07
3.30	1958.15
3.30	1958.22
3.30	1958.30
3.31	1958.37
3.31	1958.45
3.32	1958.52
3.32	1958.60
3.33	1958.67
3.33	1958.75
3.33	1958.82
3.34	1958.89
3.34	1958.97
3.35	1959.04
3.35	1959.11
3.35	1959.19
3.36	1959.26
3.36	1959.33
3.37	1959.40
3.37	1959.47
3.38	1959.55
3.38	1959.62
3.38	1959.69
3.39	1959.76
3.39	1959.83
3.40	1959.90
3.40	1959.97
3.40	1960.04
3.41	1960.11
3.41	1960.18
3.42	1960.24
3.42	1960.31
3.43	1960.38
3.43	1960.45
3.43	1960.52
3.44	1960.59
3.44	1960.65
3.45	1960.72
3.45	1960.79
3.45	1960.85
3.46	1960.92
3.46	1960.99
3.47	1961.05
3.47	1961.12
3.48	1961.18
3.48	1961.25
3.48	1961.31
3.49	1961.38
3.49	1961.44
3.50	1961.51
3.50	1961.57
3.50	1961.64
3.51	1961.70
3.51	1961.76
3.52	1961.83
3.52	1961.89
3.53	1961.95
3.53	1962.02
3.53	1962.08
3.54	1962.14
3.54	1962.20
3.55	1962.27
3.55	1962.33
3.55	1962.39
3.56	1962.45
3.56	1962.51
3.57	1962.57
3.57	1962.63
3.57	1962.69
3.58	1962.76
3.58	1962.82
3.59	1962.88
3.59	1962.94
3.60	1963.00
3.60	1963.05
3.60	1963.11
3.61	1963.17
3.61	1963.23
3.62	1963.29
3.62	1963.35
3.62	1963.41
3.63	1963.47
3.63	1963.52
3.64	1963.58
3.64	1963.64
3.65	1963.70
3.65	1963.75
3.65	1963.81
3.66	1963.87
3.66	1963.92
3.67	1963.98
3.67	1964.04
3.67	1964.09
3.68	1964.15
3.68	1964.20
3.69	1964.26
3.69	1964.32
3.70	1964.37
3.70	1964.43
3.70	1964.48
3.71	1964.54
3.71	1964.59
3.72	1964.64
3.72	1964.70
3.72	1964.75
3.73	1964.81
3.73	1964.86
3.74	1964.91
3.74	1964.97
3.75	1965.02
3.75	1965.07
3.75	1965.13
3.76	1965.18
3.76	1965.23
3.77	1965.29
3.77	1965.34
3.77	1965.39
3.78	1965.44
3.78	1965.49
3.79	1965.55
3.79	1965.60
3.80	1965.65
3.80	1965.70
3.80	1965.75
3.81	1965.80
3.81	1965.85
3.82	1965.90
3.82	1965.95
3.82	1966.00
3.83	1966.05
3.83	1966.10
3.84	1966.15
3.84	1966.20
3.85	1966.25
3.85	1966.30
3.85	1966.35
3.86	1966.40
3.86	1966.45
3.87	1966.50
3.87	1966.55
3.87	1966.60
3.88	1966.64
3.88	1966.69
3.89	1966.74
3.89	1966.79
3.90	1966.84
3.90	1966.88
3.90	1966.93
3.91	1966.98
3.91	1967.03
3.92	1967.07
3.92	1967.12
3.92	1967.17
3.93	1967.21
3.93	1967.26
3.94	1967.31
3.94	1967.35
3.95	1967.40
3.95	1967.45
3.95	1967.49
3.96	1967.54
3.96	1967.58
3.97	1967.63
3.97	1967.68
3.97	1967.72
3.98	1967.77
3.98	1967.81
3.99	1967.86
3.99	1967.90
4.00	1967.95
4.00	1967.99
4.00	1968.04
4.01	1968.08
4.01	1968.12
4.02	1968.17
4.02	1968.21
4.02	1968.26
4.03	1968.30
4.03	1968.34
4.04	1968.39
4.04	1968.43
4.05	1968.47
4.05	1968.52
4.05	1968.56
4.06	1968.60
4.06	1968.65
4.07	1968.69
4.07	1968.73
4.07	0.00
