1.01	0.00
1.03	13.16
1.04	303.37
1.06	348.68
1.06	478.79
1.07	589.89
1.07	685.86
1.09	613.28
1.10	680.30
1.10	741.13
1.10	796.61
1.11	847.40
1.11	894.08
1.12	937.13
1.12	976.95
1.15	833.33
1.15	866.96
1.16	898.71
1.16	928.72
1.17	957.14
1.17	984.10
1.18	1009.69
1.18	1034.03
1.21	924.19
1.21	946.29
1.22	967.49
1.22	987.86
1.25	921.09
1.25	939.84
1.27	898.89
1.27	916.26
1.28	933.09
1.28	949.41
1.30	910.38
1.31	925.65
1.31	940.49
1.32	954.93
1.32	968.98
1.32	982.65
1.35	923.44
1.36	936.35
1.36	948.95
1.37	961.26
1.37	973.29
1.37	985.04
1.38	996.52
1.38	1007.75
1.41	955.31
1.42	966.03
1.42	976.54
1.42	986.84
1.43	996.93
1.43	1006.83
1.44	1006.70
1.44	1016.21
1.47	980.46
1.47	989.63
1.49	965.54
1.50	974.38
1.50	983.06
1.51	991.60
1.52	984.86
1.52	993.12
1.53	1001.24
1.53	1009.24
1.54	1002.41
1.55	1010.16
1.55	1017.78
1.55	1025.29
1.56	1032.69
1.57	1033.39
1.57	1032.90
1.58	1039.98
1.58	1046.95
1.59	1053.83
1.59	1060.61
1.60	1067.29
1.61	1058.92
1.61	1065.43
1.62	1071.84
1.62	1078.17
1.62	1084.42
1.63	1090.58
1.63	1096.66
1.65	1074.13
1.66	1080.08
1.66	1085.95
1.67	1091.75
1.67	1097.48
1.67	1103.13
1.68	1108.72
1.68	1114.23
1.70	1092.80
1.71	1098.21
1.71	1103.56
1.72	1108.84
1.72	1114.07
1.72	1119.23
1.73	1124.33
1.73	1129.38
1.74	1134.36
1.76	1107.75
1.77	1112.66
1.77	1117.52
1.77	1122.33
1.78	1127.08
1.78	1131.79
1.79	1136.44
1.79	1141.04
1.79	1145.60
1.82	1120.55
1.82	1125.05
1.83	1129.50
1.83	1133.90
1.84	1138.26
1.84	1142.58
1.84	1146.86
1.85	1151.09
1.85	1155.28
1.88	1131.64
1.88	1135.78
1.91	1114.24
1.91	1118.34
1.93	1102.12
1.94	1106.15
1.94	1110.15
1.94	1114.12
1.96	1103.37
1.96	1107.27
1.97	1111.15
1.97	1114.99
1.98	1118.80
2.00	1103.66
2.00	1107.42
2.01	1111.15
2.01	1114.84
2.01	1118.51
2.02	1122.14
2.04	1103.10
2.05	1106.69
2.05	1110.26
2.06	1113.80
2.06	1117.31
2.06	1120.79
2.07	1124.24
2.09	1106.02
2.10	1109.44
2.10	1112.84
2.11	1116.20
2.11	1119.55
2.11	1122.86
2.12	1126.15
2.12	1129.42
2.15	1107.90
2.16	1111.14
2.16	1114.36
2.16	1117.55
2.17	1120.72
2.17	1123.86
2.18	1126.99
2.18	1130.09
2.21	1109.60
2.21	1112.68
2.22	1115.73
2.22	1118.76
2.23	1121.78
2.23	1124.77
2.24	1127.74
2.24	1130.70
2.26	1114.83
2.27	1117.75
2.29	1103.04
2.30	1105.94
2.32	1091.77
2.33	1094.65
2.33	1097.50
2.33	1100.34
2.35	1089.50
2.36	1092.31
2.36	1095.10
2.37	1097.88
2.39	1084.07
2.40	1086.82
2.40	1089.55
2.40	1092.27
2.41	1094.97
2.43	1081.61
2.44	1084.29
2.44	1086.95
2.45	1089.59
2.45	1092.22
2.45	1094.84
2.48	1078.84
2.49	1081.44
2.49	1084.02
2.50	1086.58
2.50	1089.13
2.50	1091.67
2.51	1094.19
2.54	1075.85
2.55	1078.35
2.55	1080.84
2.55	1083.32
2.56	1085.78
2.56	1088.23
2.57	1090.67
2.60	1073.07
2.60	1075.49
2.61	1077.89
2.61	1080.29
2.62	1082.67
2.62	1085.04
2.62	1087.40
2.65	1073.19
2.68	1059.89
2.69	1062.23
2.72	1049.36
2.72	1051.68
2.72	1053.98
2.73	1056.27
2.75	1048.42
2.75	1050.69
2.76	1052.95
2.76	1055.20
2.79	1045.05
2.79	1047.29
2.79	1049.51
2.80	1051.72
2.80	1053.92
2.83	1041.64
2.84	1043.82
2.84	1046.00
2.84	1048.16
2.85	1050.31
2.85	1052.46
2.89	1038.22
2.89	1040.35
2.89	1042.47
2.90	1044.58
2.90	1046.68
2.91	1048.77
2.91	1050.85
2.94	1037.07
2.95	1039.13
2.95	1041.19
2.96	1043.24
2.96	1045.28
2.96	1047.31
2.97	1049.34
3.00	1035.98
3.01	1037.99
3.01	1039.99
3.01	1041.99
3.02	1043.97
3.02	1045.95
3.03	1047.91
3.04	1047.72
3.06	1037.24
3.07	1039.19
3.10	1028.99
3.10	1030.92
3.10	1032.84
3.11	1034.76
3.13	1028.53
3.13	1030.44
3.14	1032.33
3.14	1034.22
3.17	1026.11
3.17	1027.98
3.18	1029.85
3.18	1031.71
3.18	1033.56
3.21	1023.68
3.22	1025.52
3.22	1027.35
3.23	1029.18
3.23	1031.00
3.23	1032.81
3.27	1021.27
3.27	1023.07
3.28	1024.86
3.28	1026.65
3.28	1028.43
3.29	1030.21
3.29	1031.97
3.33	1020.73
3.33	1022.49
3.33	1024.24
3.34	1025.98
3.34	1027.72
3.35	1029.45
3.35	1031.18
3.38	1020.22
3.39	1021.94
3.39	1023.65
3.40	1025.35
3.40	1027.05
3.40	1028.74
3.41	1030.42
3.42	1030.32
3.45	1021.68
3.45	1023.35
3.48	1014.91
3.48	1016.57
3.49	1018.22
3.49	1019.87
3.51	1014.71
3.52	1016.35
3.52	1017.98
3.52	1019.61
3.55	1012.86
3.55	1014.47
3.56	1016.08
3.56	1017.69
3.57	1019.29
3.59	1011.02
3.60	1012.61
3.60	1014.19
3.61	1015.77
3.61	1017.35
3.62	1018.92
3.65	1009.22
3.65	1010.78
3.66	1012.33
3.66	1013.88
3.67	1015.43
3.67	1016.97
3.67	1018.50
3.71	1009.02
3.71	1010.55
3.72	1012.07
3.72	1013.58
3.72	1015.10
3.73	1016.60
3.73	1018.11
3.77	1008.83
3.77	1010.32
3.77	1011.81
3.78	1013.30
3.78	1014.78
3.79	1016.26
3.79	1017.73
3.80	1017.67
3.83	1010.34
3.83	1011.80
3.86	1004.60
3.86	1006.06
3.87	1007.50
3.87	1008.95
3.89	1004.55
3.90	1005.99
3.90	1007.42
3.91	1008.84
3.93	1003.07
3.93	1004.49
3.94	1005.90
3.94	1007.31
3.95	1008.72
3.98	1001.62
3.98	1003.02
3.98	1004.41
3.99	1005.80
3.99	1007.19
4.00	1008.57
4.03	1000.21
4.03	1001.59
4.04	1002.96
4.04	1004.33
4.05	1005.69
4.05	1007.05
4.05	1008.41
4.09	1000.21
4.09	1001.56
4.10	1002.90
4.10	1004.25
4.10	1005.58
4.11	1006.92
4.11	1008.25
4.15	1000.20
4.15	1001.53
4.15	1002.85
4.16	1004.17
4.16	1005.48
4.17	1006.79
4.17	1008.10
4.18	1008.08
4.21	1001.70
4.21	1003.00
4.24	996.73
4.25	998.02
4.25	999.31
4.25	1000.59
4.27	996.76
4.28	998.04
4.28	999.32
4.29	1000.59
4.31	995.54
4.32	996.81
4.32	998.07
4.32	999.32
4.33	1000.58
4.36	994.36
4.36	995.61
4.37	996.85
4.37	998.10
4.37	999.33
4.38	1000.57
4.41	993.23
4.42	994.46
4.42	995.68
4.42	996.91
4.43	998.13
4.43	999.35
4.44	1000.56
4.47	993.34
4.47	994.55
4.48	995.76
4.48	996.96
4.49	998.16
4.49	999.36
4.49	1000.55
4.53	993.45
4.53	994.64
4.54	995.83
4.54	997.01
4.54	998.19
4.55	999.37
4.55	1000.54
4.56	1000.54
4.59	994.90
4.59	996.07
4.62	990.52
4.63	991.68
4.63	992.84
4.63	994.00
4.66	990.61
4.66	991.76
4.66	992.91
4.67	994.05
4.69	989.57
4.70	990.71
4.70	991.85
4.71	992.99
4.71	994.12
4.74	988.59
4.74	989.71
4.75	990.84
4.75	991.96
4.76	993.08
4.76	994.20
4.79	987.65
4.80	988.76
4.80	989.87
4.81	990.98
4.81	992.08
4.81	993.19
4.82	994.29
4.85	987.84
4.86	988.93
4.86	990.02
4.86	991.11
4.87	992.20
4.87	993.29
4.88	994.37
4.91	988.02
4.91	989.10
4.92	990.17
4.92	991.25
4.93	992.32
4.93	993.39
4.93	994.45
4.94	994.47
4.97	989.42
4.98	990.48
5.00	985.50
5.01	986.55
5.01	987.61
5.02	988.66
5.04	985.62
5.04	986.66
5.05	987.71
5.05	988.75
5.07	984.73
5.08	985.76
5.08	986.80
5.09	987.83
5.09	988.87
5.12	983.88
5.12	984.91
5.13	985.94
5.13	986.96
5.14	987.98
5.14	989.00
5.17	983.09
5.18	984.11
5.18	985.12
5.19	986.13
5.19	987.14
5.20	988.15
5.20	989.15
5.23	983.33
5.24	984.33
5.24	985.33
5.25	986.32
5.25	987.32
5.25	988.31
5.26	989.30
5.29	983.55
5.29	984.54
5.30	985.53
5.30	986.51
5.31	987.49
5.31	988.47
5.32	989.45
5.32	989.47
5.35	984.89
5.36	985.86
5.39	981.35
5.39	982.32
5.39	983.28
5.40	984.25
5.42	981.49
5.42	982.45
5.43	983.41
5.43	984.36
5.46	980.71
5.46	981.66
5.46	982.61
5.47	983.56
5.47	984.51
5.50	979.98
5.51	980.92
5.51	981.87
5.51	982.81
5.52	983.75
5.52	984.68
5.56	979.30
5.56	980.24
5.56	981.17
5.57	982.10
5.57	983.03
5.58	983.95
5.58	984.88
5.61	979.56
5.62	980.49
5.62	981.41
5.63	982.32
5.63	983.24
5.63	984.15
5.64	985.07
5.67	979.82
5.68	980.73
5.68	981.64
5.68	982.54
5.69	983.45
5.69	984.35
5.70	985.25
5.71	985.28
5.73	981.10
5.74	982.00
5.77	977.87
5.77	978.76
5.77	979.65
5.78	980.54
5.80	978.02
5.80	978.91
5.81	979.79
5.81	980.68
5.84	977.33
5.84	978.21
5.85	979.09
5.85	979.97
5.85	980.84
5.88	976.69
5.89	977.56
5.89	978.43
5.90	979.30
5.90	980.17
5.90	981.04
5.94	976.10
5.94	976.96
5.95	977.83
5.95	978.69
5.95	979.55
5.96	980.40
5.96	981.26
6.00	976.38
6.00	977.23
6.00	978.08
6.01	978.93
6.01	979.78
6.02	980.63
6.02	981.48
6.05	976.65
6.06	977.49
6.06	978.34
6.07	979.18
6.07	980.02
6.07	980.85
6.08	981.69
6.09	981.72
6.12	977.87
6.12	978.71
6.15	974.90
6.15	975.73
6.16	976.56
6.16	977.38
6.18	975.06
6.19	975.89
6.19	976.71
6.19	977.53
6.22	974.44
6.22	975.26
6.23	976.08
6.23	976.89
6.24	977.71
6.26	973.87
6.27	974.69
6.27	975.50
6.28	976.30
6.28	977.11
6.29	977.92
6.32	973.36
6.32	974.16
6.33	974.96
6.33	975.76
6.34	976.56
6.34	977.36
6.34	978.16
6.38	973.64
6.38	974.44
6.39	975.23
6.39	976.03
6.39	976.82
6.40	977.61
6.40	978.40
6.44	973.93
6.44	974.71
6.44	975.50
6.45	976.28
6.45	977.07
6.46	977.85
6.46	978.63
6.47	978.66
6.50	975.10
6.50	975.87
6.53	972.34
6.53	973.12
6.54	973.89
6.54	974.66
6.56	972.51
6.57	973.28
6.57	974.05
6.58	974.81
6.60	971.95
6.60	972.71
6.61	973.48
6.61	974.24
6.62	975.00
6.65	971.44
6.65	972.20
6.65	972.96
6.66	973.71
6.66	974.47
6.67	975.22
6.70	970.98
6.70	971.73
6.71	972.48
6.71	973.23
6.72	973.98
6.72	974.73
6.73	975.47
6.76	971.27
6.76	972.02
6.77	972.76
6.77	973.50
6.77	974.24
6.78	974.98
6.78	975.72
6.82	971.56
6.82	972.30
6.82	973.03
6.83	973.77
6.83	974.50
6.84	975.23
6.84	975.96
6.85	976.00
6.88	972.68
6.88	973.41
6.91	970.12
6.92	970.84
6.92	971.57
6.92	972.29
6.94	970.29
6.95	971.01
6.95	971.73
6.96	972.45
6.98	969.78
6.99	970.49
6.99	971.21
6.99	971.93
7.00	972.64
7.03	969.32
7.03	970.03
7.04	970.74
7.04	971.45
7.04	972.16
7.05	972.87
7.08	968.90
7.09	969.61
7.09	970.31
7.09	971.02
7.10	971.72
7.10	972.42
7.11	973.12
7.14	969.20
7.14	969.90
7.15	970.60
7.15	971.29
7.16	971.99
7.16	972.68
7.16	973.38
7.20	969.49
7.20	970.18
7.21	970.87
7.21	971.56
7.21	972.25
7.22	972.94
7.22	973.63
7.23	973.66
7.26	970.56
7.26	971.24
7.29	968.16
7.30	968.85
7.30	969.53
7.30	970.21
7.33	968.33
7.33	969.01
7.33	969.69
7.34	970.37
7.36	967.86
7.37	968.54
7.37	969.21
7.38	969.89
7.38	970.56
7.41	967.44
7.41	968.11
7.42	968.78
7.42	969.45
7.43	970.12
7.43	970.79
7.46	967.07
7.47	967.74
7.47	968.40
7.48	969.07
7.48	969.73
7.48	970.39
7.49	971.05
7.52	967.37
7.53	968.03
7.53	968.68
7.53	969.34
7.54	970.00
7.54	970.65
7.55	971.31
7.58	967.66
7.58	968.31
7.59	968.96
7.59	969.61
7.60	970.26
7.60	970.91
7.60	971.56
7.61	971.60
7.64	968.68
7.65	969.33
7.67	966.43
7.68	967.08
7.68	967.72
7.69	968.37
7.71	966.60
7.71	967.24
7.72	967.88
7.72	968.52
7.74	966.17
7.75	966.81
7.75	967.44
7.76	968.08
7.76	968.72
7.79	965.78
7.79	966.42
7.80	967.05
7.80	967.68
7.81	968.31
7.81	968.95
7.84	965.44
7.85	966.07
7.85	966.70
7.86	967.33
7.86	967.96
7.87	968.58
7.87	969.21
7.90	965.74
7.91	966.36
7.91	966.98
7.92	967.61
7.92	968.23
7.92	968.85
7.93	969.47
7.96	966.02
7.97	966.64
7.97	967.26
7.97	967.88
7.98	968.49
7.98	969.11
7.99	969.72
7.99	969.76
8.02	967.01
8.03	967.62
8.06	964.89
8.06	965.50
8.06	966.11
8.07	966.72
8.09	965.05
8.09	965.66
8.10	966.27
8.10	966.88
8.13	964.65
8.13	965.26
8.13	965.86
8.14	966.47
8.14	967.07
8.17	964.30
8.18	964.90
8.18	965.50
8.18	966.10
8.19	966.70
8.19	967.30
8.23	963.99
8.23	964.59
8.23	965.18
8.24	965.78
8.24	966.37
8.25	966.97
8.25	967.56
8.28	964.28
8.29	964.87
8.29	965.46
8.30	966.05
8.30	966.64
8.30	967.23
8.31	967.82
8.34	964.56
8.35	965.15
8.35	965.74
8.35	966.32
8.36	966.91
8.36	967.49
8.37	968.07
8.38	968.11
8.40	965.51
8.41	966.09
8.44	963.50
8.44	964.08
8.45	964.66
8.45	965.24
8.47	963.67
8.47	964.24
8.48	964.82
8.48	965.40
8.51	963.29
8.51	963.87
8.52	964.44
8.52	965.02
8.52	965.59
8.55	962.96
8.56	963.54
8.56	964.11
8.57	964.68
8.57	965.25
8.57	965.82
8.61	962.68
8.61	963.25
8.62	963.82
8.62	964.38
8.62	964.95
8.63	965.51
8.63	966.08
8.67	962.96
8.67	963.53
8.67	964.09
8.68	964.65
8.68	965.21
8.69	965.77
8.69	966.33
8.72	963.24
8.73	963.80
8.73	964.36
8.74	964.92
8.74	965.48
8.74	966.03
8.75	966.59
8.76	966.62
8.79	964.15
8.79	964.71
8.82	962.25
8.82	962.81
8.83	963.36
8.83	963.91
8.85	962.41
8.86	962.96
8.86	963.51
8.86	964.06
8.89	962.06
8.89	962.61
8.90	963.16
8.90	963.71
8.91	964.25
8.93	961.76
8.94	962.30
8.94	962.85
8.95	963.39
8.95	963.93
8.96	964.48
8.99	961.50
8.99	962.04
9.00	962.58
9.00	963.12
9.01	963.66
9.01	964.20
9.01	964.74
9.05	961.78
9.05	962.31
9.06	962.85
9.06	963.39
9.06	963.92
9.07	964.46
9.07	964.99
9.11	962.05
9.11	962.58
9.11	963.12
9.12	963.65
9.12	964.18
9.13	964.71
9.13	965.24
9.14	965.28
9.17	962.93
9.17	963.46
9.20	961.12
9.20	961.65
9.21	962.18
9.21	962.70
9.23	961.28
9.24	961.80
9.24	962.33
9.25	962.85
9.27	960.95
9.27	961.47
9.28	962.00
9.28	962.52
9.29	963.04
9.32	960.66
9.32	961.18
9.32	961.70
9.33	962.22
9.33	962.74
9.34	963.26
9.37	960.42
9.37	960.94
9.38	961.45
9.38	961.97
9.39	962.49
9.39	963.00
9.40	963.52
9.43	960.69
9.43	961.21
9.44	961.72
9.44	962.23
9.45	962.75
9.45	963.26
9.45	963.77
9.49	960.96
9.49	961.47
9.49	961.98
9.50	962.49
9.50	963.00
9.51	963.51
9.51	964.02
9.52	964.05
9.55	961.81
9.55	962.32
9.58	960.09
9.59	960.59
9.59	961.10
9.59	961.60
9.61	960.24
9.62	960.74
9.62	961.25
9.63	961.75
9.65	959.93
9.66	960.43
9.66	960.93
9.66	961.43
9.67	961.93
9.70	959.67
9.70	960.16
9.71	960.66
9.71	961.16
9.71	961.65
9.72	962.15
9.75	959.44
9.76	959.93
9.76	960.43
9.76	960.92
9.77	961.42
9.77	961.91
9.78	962.40
9.81	959.71
9.81	960.20
9.82	960.69
9.82	961.18
9.83	961.67
9.83	962.16
9.83	962.65
9.87	959.97
9.87	960.46
9.88	960.95
9.88	961.44
9.88	961.92
9.89	962.41
9.89	962.89
9.90	962.93
9.93	960.79
9.93	961.27
9.96	959.14
9.97	959.63
9.97	960.11
9.97	960.59
10.00	959.29
10.00	959.78
10.00	960.26
10.01	960.74
10.03	959.00
10.04	959.48
10.04	959.96
10.05	960.44
10.05	960.92
10.08	958.75
10.08	959.23
10.09	959.71
10.09	960.18
10.10	960.66
10.10	961.13
10.13	958.54
10.14	959.01
10.14	959.49
10.15	959.96
10.15	960.44
10.15	960.91
10.16	961.38
10.19	958.80
10.20	959.27
10.20	959.75
10.20	960.22
10.21	960.69
10.21	961.16
10.22	961.63
10.25	959.06
10.25	959.53
10.26	960.00
10.26	960.47
10.27	960.93
10.27	961.40
10.27	961.87
10.28	961.90
10.31	959.85
10.32	960.32
10.34	958.28
10.35	958.74
10.35	959.20
10.36	959.67
10.38	958.42
10.38	958.89
10.39	959.35
10.39	959.81
10.41	958.15
10.42	958.61
10.42	959.07
10.43	959.53
10.43	959.99
10.46	957.91
10.46	958.37
10.47	958.83
10.47	959.28
10.48	959.74
10.48	960.20
10.51	957.71
10.52	958.17
10.52	958.62
10.53	959.08
10.53	959.53
10.54	959.99
10.54	960.44
10.57	957.97
10.58	958.42
10.58	958.88
10.59	959.33
10.59	959.78
10.59	960.23
10.60	960.68
10.63	958.22
10.64	958.67
10.64	959.12
10.64	959.57
10.65	960.02
10.65	960.47
10.66	960.92
10.66	960.95
10.69	958.99
10.70	959.43
10.73	957.48
10.73	957.92
10.73	958.37
10.74	958.81
10.76	957.62
10.76	958.07
10.77	958.51
10.77	958.95
10.80	957.36
10.80	957.80
10.80	958.24
10.81	958.69
10.81	959.13
10.84	957.13
10.85	957.58
10.85	958.02
10.85	958.46
10.86	958.90
10.86	959.34
10.90	956.95
10.90	957.39
10.90	957.83
10.91	958.26
10.91	958.70
10.92	959.14
10.92	959.58
10.95	957.20
10.96	957.64
10.96	958.07
10.97	958.51
10.97	958.94
10.97	959.38
10.98	959.81
11.01	957.45
11.02	957.88
11.02	958.32
11.02	958.75
11.03	959.18
11.03	959.61
11.04	960.04
11.05	960.08
11.07	958.19
11.08	958.62
11.11	956.74
11.11	957.17
11.12	957.60
11.12	958.03
11.14	956.88
11.14	957.31
11.15	957.74
11.15	958.16
11.18	956.63
11.18	957.06
11.19	957.48
11.19	957.91
11.19	958.33
11.22	956.42
11.23	956.84
11.23	957.27
11.24	957.69
11.24	958.11
11.24	958.54
11.28	956.24
11.28	956.66
11.29	957.09
11.29	957.51
11.29	957.93
11.30	958.35
11.30	958.77
11.34	956.49
11.34	956.91
11.34	957.33
11.35	957.75
11.35	958.17
11.36	958.59
11.36	959.00
11.39	956.73
11.40	957.15
11.40	957.57
11.41	957.98
11.41	958.40
11.41	958.82
11.42	959.23
11.43	959.27
11.46	957.45
11.46	957.86
11.49	956.05
11.49	956.47
11.50	956.88
11.50	957.29
11.52	956.19
11.53	956.61
11.53	957.02
11.53	957.43
11.56	955.95
11.56	956.36
11.57	956.78
11.57	957.19
11.58	957.60
11.60	955.75
11.61	956.16
11.61	956.57
11.62	956.98
11.62	957.39
11.63	957.80
11.66	955.58
11.66	955.99
11.67	956.40
11.67	956.81
11.68	957.21
11.68	957.62
11.68	958.03
11.72	955.83
11.72	956.23
11.73	956.64
11.73	957.04
11.73	957.45
11.74	957.85
11.74	958.26
11.78	956.07
11.78	956.47
11.78	956.87
11.79	957.27
11.79	957.68
11.80	958.08
11.80	958.48
11.81	958.51
11.84	956.76
11.84	957.16
11.87	955.42
11.87	955.82
11.88	956.22
11.88	956.62
11.90	955.55
11.91	955.95
11.91	956.35
11.92	956.75
11.94	955.32
11.94	955.72
11.95	956.12
11.95	956.52
11.96	956.91
11.99	955.13
11.99	955.53
11.99	955.92
12.00	956.32
12.00	956.71
12.01	957.11
12.04	954.97
12.04	955.37
12.05	955.76
12.05	956.16
12.06	956.55
12.06	956.94
12.07	957.33
12.10	955.21
12.10	955.60
12.11	955.99
12.11	956.39
12.12	956.78
12.12	957.17
12.12	957.56
12.16	955.44
12.16	955.83
12.17	956.22
12.17	956.61
12.17	957.00
12.18	957.39
12.18	957.78
12.19	957.81
12.22	956.12
12.22	956.51
12.25	954.82
12.26	955.21
12.26	955.60
12.26	955.98
12.28	954.96
12.29	955.34
12.29	955.73
12.30	956.11
12.32	954.74
12.33	955.12
12.33	955.51
12.33	955.89
12.34	956.27
12.37	954.55
12.37	954.94
12.38	955.32
12.38	955.70
12.38	956.08
12.39	956.46
12.42	954.40
12.43	954.78
12.43	955.17
12.43	955.55
12.44	955.93
12.44	956.31
12.45	956.69
12.48	954.64
12.48	955.01
12.49	955.39
12.49	955.77
12.50	956.15
12.50	956.53
12.50	956.91
12.54	954.86
12.54	955.24
12.55	955.62
12.55	955.99
12.55	956.37
12.56	956.75
12.56	957.12
12.57	957.15
12.60	955.52
12.60	955.89
12.63	954.27
12.64	954.64
12.64	955.02
12.65	955.39
12.67	954.40
12.67	954.77
12.67	955.14
12.68	955.52
12.70	954.19
12.71	954.56
12.71	954.93
12.72	955.30
12.72	955.67
12.75	954.01
12.75	954.38
12.76	954.75
12.76	955.12
12.77	955.49
12.77	955.86
12.80	953.87
12.81	954.24
12.81	954.61
12.82	954.98
12.82	955.34
12.82	955.71
12.83	956.08
12.86	954.10
12.87	954.46
12.87	954.83
12.87	955.20
12.88	955.56
12.88	955.93
12.89	956.30
12.92	954.32
12.92	954.69
12.93	955.05
12.93	955.42
12.94	955.78
12.94	956.15
12.94	956.51
12.95	956.54
12.98	954.96
12.99	955.32
13.01	953.75
13.02	954.11
13.02	954.47
13.03	954.83
13.05	953.88
13.05	954.24
13.06	954.60
13.06	954.96
13.08	953.67
13.09	954.03
13.09	954.39
13.10	954.75
13.10	955.11
13.13	953.51
13.13	953.87
13.14	954.22
13.14	954.58
13.15	954.94
13.15	955.30
13.18	953.37
13.19	953.73
13.19	954.09
13.20	954.44
13.20	954.80
13.21	955.16
13.21	955.51
13.24	953.59
13.25	953.95
13.25	954.30
13.26	954.66
13.26	955.01
13.26	955.37
13.27	955.72
13.30	953.81
13.31	954.17
13.31	954.52
13.31	954.87
13.32	955.23
13.32	955.58
13.33	955.93
13.33	955.96
13.36	954.43
13.37	954.78
13.40	953.26
13.40	953.61
13.40	953.96
13.41	954.31
13.43	953.39
13.43	953.74
13.44	954.09
13.44	954.44
13.47	953.19
13.47	953.54
13.47	953.89
13.48	954.24
13.48	954.59
13.51	953.03
13.52	953.38
13.52	953.73
13.52	954.07
13.53	954.42
13.53	954.77
13.57	952.90
13.57	953.25
13.57	953.59
13.58	953.94
13.58	954.29
13.59	954.63
13.59	954.98
13.62	953.12
13.63	953.46
13.63	953.81
13.64	954.15
13.64	954.50
13.65	954.84
13.65	955.19
13.68	953.33
13.69	953.68
13.69	954.02
13.69	954.36
13.70	954.71
13.70	955.05
13.71	955.39
13.72	955.42
13.74	953.94
13.75	954.28
13.78	952.80
13.78	953.14
13.79	953.48
13.79	953.82
13.81	952.92
13.81	953.27
13.82	953.61
13.82	953.94
13.85	952.74
13.85	953.08
13.86	953.42
13.86	953.76
13.86	954.09
13.89	952.58
13.90	952.92
13.90	953.26
13.91	953.60
13.91	953.93
13.91	954.27
13.95	952.46
13.95	952.80
13.96	953.13
13.96	953.47
13.96	953.81
13.97	954.14
13.97	954.48
14.01	952.67
14.01	953.01
14.01	953.34
14.02	953.68
14.02	954.01
14.03	954.35
14.03	954.68
14.06	952.88
14.07	953.22
14.07	953.55
14.08	953.88
14.08	954.22
14.08	954.55
14.09	954.88
14.10	954.91
14.13	953.47
14.13	953.80
14.16	952.37
14.16	952.70
14.17	953.03
14.17	953.36
14.19	952.49
14.20	952.82
14.20	953.15
14.20	953.48
14.23	952.31
14.23	952.64
14.24	952.97
14.24	953.30
14.25	953.63
14.27	952.16
14.28	952.49
14.28	952.82
14.29	953.15
14.29	953.47
14.30	953.80
14.33	952.04
14.33	952.37
14.34	952.70
14.34	953.02
14.35	953.35
14.35	953.68
14.35	954.00
14.39	952.25
14.39	952.58
14.40	952.90
14.40	953.23
14.40	953.55
14.41	953.88
14.41	954.20
14.45	952.46
14.45	952.78
14.45	953.11
14.46	953.43
14.46	953.76
14.47	954.08
14.47	954.40
14.48	954.43
14.51	953.03
14.51	953.35
14.54	951.96
14.54	952.29
14.55	952.61
14.55	952.93
14.57	952.08
14.58	952.40
14.58	952.72
14.59	953.04
14.61	951.91
14.61	952.23
14.62	952.55
14.62	952.87
14.63	953.19
14.66	951.76
14.66	952.08
14.66	952.40
14.67	952.72
14.67	953.04
14.68	953.36
14.71	951.65
14.71	951.97
14.72	952.29
14.72	952.60
14.73	952.92
14.73	953.24
14.74	953.56
14.77	951.85
14.77	952.17
14.78	952.49
14.78	952.80
14.79	953.12
14.79	953.44
14.79	953.75
14.83	952.06
14.83	952.37
14.84	952.69
14.84	953.00
14.84	953.32
14.85	953.63
14.85	953.95
14.86	953.98
14.89	952.62
14.89	952.93
14.92	951.58
14.93	951.89
14.93	952.20
14.93	952.52
14.95	951.69
14.96	952.01
14.96	952.32
14.97	952.63
14.99	951.53
15.00	951.84
15.00	952.15
15.00	952.46
15.01	952.77
15.04	951.39
15.04	951.70
15.05	952.01
15.05	952.32
15.05	952.63
15.06	952.94
15.09	951.28
15.10	951.59
15.10	951.90
15.10	952.21
15.11	952.52
15.11	952.83
15.12	953.13
15.15	951.48
15.15	951.79
15.16	952.10
15.16	952.40
15.17	952.71
15.17	953.02
15.17	953.33
15.21	951.68
15.21	951.99
15.22	952.29
15.22	952.60
15.22	952.91
15.23	953.21
15.23	953.52
15.24	953.54
15.27	952.22
15.27	952.53
15.30	951.21
15.31	951.52
15.31	951.82
15.32	952.13
15.34	951.33
15.34	951.63
15.34	951.94
15.35	952.24
15.37	951.16
15.38	951.47
15.38	951.77
15.39	952.07
15.39	952.38
15.42	951.03
15.42	951.33
15.43	951.64
15.43	951.94
15.44	952.24
15.44	952.54
15.47	950.93
15.48	951.23
15.48	951.53
15.49	951.83
15.49	952.13
15.49	952.43
15.50	952.73
15.53	951.12
15.54	951.42
15.54	951.72
15.54	952.02
15.55	952.32
15.55	952.62
15.56	952.92
15.59	951.32
15.59	951.62
15.60	951.92
15.60	952.21
15.61	952.51
15.61	952.81
15.61	953.11
15.62	953.14
15.65	951.85
15.66	952.15
15.68	950.87
15.69	951.17
15.69	951.46
15.70	951.76
15.72	950.98
15.72	951.28
15.73	951.57
15.73	951.87
15.75	950.82
15.76	951.12
15.76	951.41
15.77	951.71
15.77	952.00
15.80	950.69
15.80	950.99
15.81	951.28
15.81	951.58
15.82	951.87
15.82	952.17
15.85	950.59
15.86	950.89
15.86	951.18
15.87	951.47
15.87	951.77
15.88	952.06
15.88	952.35
15.91	950.78
15.92	951.08
15.92	951.37
15.93	951.66
15.93	951.96
15.93	952.25
15.94	952.54
15.97	950.98
15.98	951.27
15.98	951.56
15.98	951.85
15.99	952.14
15.99	952.43
16.00	952.72
16.00	952.75
16.03	951.50
16.04	951.79
16.07	950.54
16.07	950.83
16.07	951.12
16.08	951.41
16.10	950.65
16.10	950.94
16.11	951.23
16.11	951.52
16.14	950.50
16.14	950.78
16.14	951.07
16.15	951.36
16.15	951.65
16.18	950.37
16.19	950.66
16.19	950.95
16.19	951.23
16.20	951.52
16.20	951.81
16.24	950.27
16.24	950.56
16.24	950.85
16.25	951.13
16.25	951.42
16.26	951.71
16.26	951.99
16.29	950.46
16.30	950.75
16.30	951.03
16.31	951.32
16.31	951.61
16.32	951.89
16.32	952.17
16.35	950.65
16.36	950.94
16.36	951.22
16.37	951.50
16.37	951.79
16.37	952.07
16.38	952.36
16.39	952.38
16.41	951.16
16.42	951.44
16.45	950.23
16.45	950.51
16.46	950.79
16.46	951.08
16.48	950.34
16.48	950.62
16.49	950.90
16.49	951.18
16.52	950.19
16.52	950.47
16.53	950.75
16.53	951.03
16.53	951.31
16.56	950.07
16.57	950.35
16.57	950.63
16.58	950.91
16.58	951.19
16.58	951.47
16.62	949.97
16.62	950.25
16.63	950.53
16.63	950.81
16.63	951.09
16.64	951.37
16.64	951.65
16.68	950.16
16.68	950.44
16.68	950.72
16.69	950.99
16.69	951.27
16.70	951.55
16.70	951.83
16.73	950.34
16.74	950.62
16.74	950.90
16.75	951.18
16.75	951.45
16.75	951.73
16.76	952.01
16.77	952.03
16.80	950.84
16.80	951.12
16.83	949.93
16.83	950.21
16.84	950.48
16.84	950.76
16.86	950.04
16.87	950.31
16.87	950.59
16.87	950.86
16.90	949.89
16.90	950.17
16.91	950.44
16.91	950.72
16.92	950.99
16.94	949.78
16.95	950.05
16.95	950.32
16.96	950.60
16.96	950.87
16.97	951.14
17.00	949.68
17.00	949.96
17.01	950.23
17.01	950.50
17.02	950.78
17.02	951.05
17.02	951.32
17.06	949.87
17.06	950.14
17.07	950.41
17.07	950.68
17.07	950.96
17.08	951.23
17.08	951.50
17.12	950.05
17.12	950.32
17.12	950.59
17.13	950.86
17.13	951.13
17.14	951.40
17.14	951.67
17.15	951.70
17.18	950.54
17.18	950.81
17.21	949.65
17.21	949.92
17.22	950.19
17.22	950.46
17.24	949.75
17.25	950.02
17.25	950.29
17.26	950.56
17.28	949.61
17.28	949.88
17.29	950.15
17.29	950.42
17.30	950.68
17.33	949.50
17.33	949.77
17.33	950.03
17.34	950.30
17.34	950.57
17.35	950.84
17.38	949.41
17.38	949.68
17.39	949.94
17.39	950.21
17.40	950.48
17.40	950.74
17.41	951.01
17.44	949.59
17.44	949.86
17.45	950.12
17.45	950.39
17.46	950.65
17.46	950.92
17.46	951.18
17.50	949.77
17.50	950.03
17.51	950.30
17.51	950.56
17.51	950.83
17.52	951.09
17.52	951.36
17.53	951.38
17.56	950.25
17.56	950.51
17.59	949.38
17.60	949.64
17.60	949.91
17.60	950.17
17.62	949.48
17.63	949.74
17.63	950.01
17.64	950.27
17.66	949.34
17.67	949.61
17.67	949.87
17.67	950.13
17.68	950.39
17.71	949.23
17.71	949.50
17.72	949.76
17.72	950.02
17.72	950.28
17.73	950.54
17.76	949.15
17.77	949.41
17.77	949.67
17.77	949.93
17.78	950.19
17.78	950.45
17.79	950.71
17.82	949.33
17.82	949.59
17.83	949.84
17.83	950.10
17.84	950.36
17.84	950.62
17.85	950.88
17.88	949.50
17.88	949.76
17.89	950.02
17.89	950.28
17.89	950.54
17.90	950.79
17.90	951.05
17.91	951.08
17.94	949.97
17.94	950.23
17.97	949.12
17.98	949.38
17.98	949.64
17.99	949.89
18.01	949.22
18.01	949.48
18.01	949.73
18.02	949.99
18.04	949.09
18.05	949.34
18.05	949.60
18.06	949.86
18.06	950.11
18.09	948.98
18.09	949.24
18.10	949.49
18.10	949.75
18.11	950.00
18.11	950.26
18.14	948.90
18.15	949.15
18.15	949.41
18.16	949.66
18.16	949.92
18.16	950.17
18.17	950.43
18.20	949.07
18.21	949.33
18.21	949.58
18.21	949.83
18.22	950.09
18.22	950.34
18.23	950.60
18.26	949.24
18.26	949.50
18.27	949.75
18.27	950.00
18.28	950.26
18.28	950.51
18.28	950.76
18.29	950.79
18.32	949.70
18.33	949.95
18.35	948.87
18.36	949.13
18.36	949.38
18.37	949.63
18.39	948.97
18.39	949.22
18.40	949.48
18.40	949.73
18.42	948.84
18.43	949.09
18.43	949.35
18.44	949.60
18.44	949.85
18.47	948.74
18.47	948.99
18.48	949.24
18.48	949.49
18.49	949.74
18.49	949.99
18.52	948.66
18.53	948.91
18.53	949.16
18.54	949.41
18.54	949.66
18.55	949.91
18.55	950.16
18.58	948.83
18.59	949.08
18.59	949.33
18.60	949.58
18.60	949.82
18.60	950.07
18.61	950.32
18.64	949.00
18.65	949.25
18.65	949.49
18.65	949.74
18.66	949.99
18.66	950.24
18.67	950.48
18.67	950.51
18.70	949.45
18.71	949.70
18.74	948.64
18.74	948.89
18.74	949.13
18.75	949.38
18.77	948.74
18.77	948.98
18.78	949.23
18.78	949.47
18.81	948.61
18.81	948.85
18.81	949.10
18.82	949.35
18.82	949.59
18.85	948.51
18.86	948.75
18.86	949.00
18.86	949.24
18.87	949.49
18.87	949.73
18.91	948.43
18.91	948.68
18.91	948.92
18.92	949.16
18.92	949.41
18.93	949.65
18.93	949.90
18.96	948.60
18.97	948.84
18.97	949.09
18.98	949.33
18.98	949.57
18.99	949.81
18.99	950.06
19.02	948.76
19.03	949.01
19.03	949.25
19.04	949.49
19.04	949.73
19.04	949.98
19.05	950.22
19.06	950.24
19.08	949.21
19.09	949.45
19.12	948.41
19.12	948.65
19.13	948.90
19.13	949.14
19.15	948.51
19.15	948.75
19.16	948.99
19.16	949.23
19.19	948.38
19.19	948.63
19.20	948.87
19.20	949.11
19.20	949.35
19.23	948.29
19.24	948.53
19.24	948.77
19.25	949.01
19.25	949.25
19.25	949.49
19.29	948.21
19.29	948.45
19.30	948.69
19.30	948.93
19.30	949.17
19.31	949.41
19.31	949.65
19.35	948.38
19.35	948.61
19.35	948.85
19.36	949.09
19.36	949.33
19.37	949.57
19.37	949.81
19.40	948.54
19.41	948.78
19.41	949.01
19.42	949.25
19.42	949.49
19.42	949.73
19.43	949.96
19.44	949.99
19.47	948.97
19.47	949.21
19.50	948.20
19.50	948.43
19.51	948.67
19.51	948.91
19.53	948.29
19.54	948.53
19.54	948.76
19.54	949.00
19.57	948.17
19.57	948.41
19.58	948.64
19.58	948.88
19.59	949.11
19.61	948.07
19.62	948.31
19.62	948.54
19.63	948.78
19.63	949.01
19.64	949.25
19.67	948.00
19.67	948.24
19.68	948.47
19.68	948.70
19.69	948.94
19.69	949.17
19.69	949.41
19.73	948.16
19.73	948.40
19.74	948.63
19.74	948.86
19.74	949.10
19.75	949.33
19.75	949.56
19.79	948.32
19.79	948.56
19.79	948.79
19.80	949.02
19.80	949.26
19.81	949.49
19.81	949.72
19.82	949.74
19.85	948.75
19.85	948.98
19.88	947.99
19.88	948.22
19.89	948.45
19.89	948.68
19.91	948.08
19.92	948.31
19.92	948.54
19.93	948.77
19.95	947.96
19.95	948.19
19.96	948.43
19.96	948.66
19.97	948.89
20.00	947.87
20.00	948.10
20.00	948.33
20.01	948.56
20.01	948.79
20.02	949.02
20.05	947.80
20.05	948.03
20.06	948.26
20.06	948.49
20.07	948.72
20.07	948.95
20.08	949.18
20.11	947.96
20.11	948.19
20.12	948.42
20.12	948.65
20.13	948.87
20.13	949.10
20.13	949.33
20.17	948.12
20.17	948.34
20.18	948.57
20.18	948.80
20.18	949.03
20.19	949.26
20.19	949.49
20.20	949.51
20.23	948.53
20.23	948.76
20.26	947.79
20.27	948.02
20.27	948.24
20.27	948.47
20.29	947.88
20.30	948.11
20.30	948.33
20.31	948.56
20.33	947.77
20.34	947.99
20.34	948.22
20.34	948.44
20.35	948.67
20.38	947.67
20.38	947.90
20.39	948.13
20.39	948.35
20.39	948.58
20.40	948.80
20.43	947.61
20.44	947.83
20.44	948.06
20.44	948.28
20.45	948.51
20.45	948.73
20.46	948.96
20.49	947.76
20.49	947.99
20.50	948.21
20.50	948.44
20.51	948.66
20.51	948.88
20.52	949.11
20.55	947.92
20.55	948.14
20.56	948.37
20.56	948.59
20.57	948.81
20.57	949.04
20.57	949.26
20.58	949.28
20.61	948.33
20.61	948.55
20.64	947.60
20.65	947.82
20.65	948.04
20.66	948.27
20.68	947.69
20.68	947.91
20.68	948.13
20.69	948.35
20.71	947.57
20.72	947.80
20.72	948.02
20.73	948.24
20.73	948.46
20.76	947.49
20.76	947.71
20.77	947.93
20.77	948.15
20.78	948.37
20.78	948.59
20.81	947.42
20.82	947.64
20.82	947.86
20.83	948.08
20.83	948.30
20.83	948.52
20.84	948.74
20.87	947.57
20.88	947.79
20.88	948.01
20.88	948.23
20.89	948.45
20.89	948.67
20.90	948.89
20.93	947.73
20.93	947.95
20.94	948.17
20.94	948.38
20.95	948.60
20.95	948.82
20.95	949.04
20.96	949.06
20.99	948.13
21.00	948.35
21.02	947.41
21.03	947.63
21.03	947.85
21.04	948.07
21.06	947.50
21.06	947.72
21.07	947.94
21.07	948.16
21.09	947.39
21.10	947.61
21.10	947.83
21.11	948.04
21.11	948.26
21.14	947.30
21.14	947.52
21.15	947.74
21.15	947.96
21.16	948.17
21.16	948.39
21.19	947.24
21.20	947.46
21.20	947.67
21.21	947.89
21.21	948.11
21.22	948.32
21.22	948.54
21.25	947.39
21.26	947.61
21.26	947.82
21.27	948.04
21.27	948.26
21.27	948.47
21.28	948.69
21.31	947.54
21.32	947.76
21.32	947.97
21.32	948.19
21.33	948.40
21.33	948.62
21.34	948.83
21.34	948.86
21.37	947.94
21.38	948.15
21.41	947.24
21.41	947.45
21.41	947.66
21.42	947.88
21.44	947.32
21.44	947.54
21.45	947.75
21.45	947.96
21.48	947.21
21.48	947.43
21.48	947.64
21.49	947.86
21.49	948.07
21.52	947.13
21.53	947.34
21.53	947.56
21.53	947.77
21.54	947.98
21.54	948.20
21.58	947.07
21.58	947.28
21.58	947.49
21.59	947.70
21.59	947.92
21.60	948.13
21.60	948.34
21.63	947.22
21.64	947.43
21.64	947.64
21.65	947.85
21.65	948.06
21.66	948.28
21.66	948.49
21.69	947.36
21.70	947.58
21.70	947.79
21.71	948.00
21.71	948.21
21.71	948.42
21.72	948.63
21.73	948.65
21.75	947.75
21.76	947.96
21.79	947.06
21.79	947.28
21.80	947.49
21.80	947.70
21.82	947.15
21.82	947.36
21.83	947.57
21.83	947.78
21.86	947.04
21.86	947.25
21.87	947.46
21.87	947.67
21.87	947.88
21.90	946.96
21.91	947.17
21.91	947.38
21.92	947.59
21.92	947.80
21.92	948.01
21.96	946.90
21.96	947.11
21.97	947.32
21.97	947.53
21.97	947.74
21.98	947.94
21.98	948.15
22.02	947.05
22.02	947.26
22.02	947.46
22.03	947.67
22.03	947.88
22.04	948.09
22.04	948.30
22.07	947.19
22.08	947.40
22.08	947.61
22.09	947.82
22.09	948.02
22.09	948.23
22.10	948.44
22.11	948.46
22.14	947.57
22.14	947.78
22.17	946.90
22.17	947.11
22.18	947.31
22.18	947.52
22.20	946.98
22.21	947.19
22.21	947.40
22.21	947.60
22.24	946.88
22.24	947.09
22.25	947.29
22.25	947.50
22.26	947.71
22.29	946.80
22.29	947.01
22.29	947.21
22.30	947.42
22.30	947.62
22.31	947.83
22.34	946.74
22.34	946.94
22.35	947.15
22.35	947.36
22.36	947.56
22.36	947.77
22.36	947.97
22.40	946.88
22.40	947.09
22.41	947.29
22.41	947.50
22.41	947.70
22.42	947.91
22.42	948.11
22.46	947.03
22.46	947.23
22.46	947.44
22.47	947.64
22.47	947.84
22.48	948.05
22.48	948.25
22.49	948.27
22.52	947.40
22.52	947.61
22.55	946.74
22.55	946.94
22.56	947.15
22.56	947.35
22.58	946.82
22.59	947.03
22.59	947.23
22.60	947.43
22.62	946.72
22.62	946.93
22.63	947.13
22.63	947.33
22.64	947.53
22.67	946.64
22.67	946.85
22.67	947.05
22.68	947.25
22.68	947.45
22.69	947.65
22.72	946.58
22.72	946.79
22.73	946.99
22.73	947.19
22.74	947.39
22.74	947.59
22.75	947.79
22.78	946.73
22.78	946.93
22.79	947.13
22.79	947.33
22.80	947.53
22.80	947.73
22.80	947.93
22.84	946.87
22.84	947.07
22.85	947.27
22.85	947.47
22.85	947.67
22.86	947.87
22.86	948.07
22.87	948.09
22.90	947.24
22.90	947.44
22.93	946.59
22.94	946.79
22.94	946.99
22.94	947.19
22.96	946.67
22.97	946.87
22.97	947.07
22.98	947.27
23.00	946.57
23.01	946.77
23.01	946.97
23.01	947.17
23.02	947.37
23.05	946.49
23.05	946.69
23.06	946.89
23.06	947.09
23.06	947.29
23.07	947.49
23.10	946.43
23.11	946.63
23.11	946.83
23.11	947.03
23.12	947.23
23.12	947.43
23.13	947.62
23.16	946.58
23.16	946.77
23.17	946.97
23.17	947.17
23.18	947.37
23.18	947.56
23.19	947.76
23.22	946.72
23.22	946.91
23.23	947.11
23.23	947.31
23.24	947.50
23.24	947.70
23.24	947.90
23.25	947.92
23.28	947.08
23.28	947.28
23.31	946.44
23.32	946.64
23.32	946.83
23.33	947.03
23.35	946.52
23.35	946.71
23.35	946.91
23.36	947.11
23.38	946.42
23.39	946.62
23.39	946.81
23.40	947.01
23.40	947.21
23.43	946.35
23.43	946.54
23.44	946.74
23.44	946.93
23.45	947.13
23.45	947.32
23.48	946.29
23.49	946.49
23.49	946.68
23.50	946.87
23.50	947.07
23.50	947.26
23.51	947.46
23.54	946.43
23.55	946.62
23.55	946.82
23.55	947.01
23.56	947.21
23.56	947.40
23.57	947.59
23.60	946.57
23.60	946.76
23.61	946.95
23.61	947.15
23.62	947.34
23.62	947.54
23.62	947.73
23.63	947.75
23.66	946.92
23.67	947.12
23.69	946.30
23.70	946.49
23.70	946.68
23.71	946.87
23.73	946.37
23.73	946.57
23.74	946.76
23.74	946.95
23.77	946.28
23.77	946.47
23.77	946.66
23.78	946.86
23.78	947.05
23.81	946.21
23.81	946.40
23.82	946.59
23.82	946.78
23.83	946.97
23.83	947.17
23.86	946.15
23.87	946.34
23.87	946.53
23.88	946.73
23.88	946.92
23.89	947.11
23.89	947.30
23.92	946.29
23.93	946.48
23.93	946.67
23.94	946.86
23.94	947.05
23.94	947.24
23.95	947.43
23.98	946.42
23.99	946.61
23.99	946.80
23.99	947.00
24.00	947.19
24.00	947.38
24.01	947.57
24.01	947.59
24.04	946.78
24.05	946.97
24.08	946.16
24.08	946.35
24.08	946.54
24.09	946.73
24.11	946.23
24.11	946.42
24.12	946.61
24.12	946.80
24.15	946.14
24.15	946.33
24.15	946.52
24.16	946.71
24.16	946.90
24.19	946.07
24.20	946.26
24.20	946.45
24.20	946.64
24.21	946.82
24.21	947.01
24.25	946.02
24.25	946.20
24.25	946.39
24.26	946.58
24.26	946.77
24.27	946.96
24.27	947.15
24.30	946.15
24.31	946.34
24.31	946.53
24.32	946.71
24.32	946.90
24.33	947.09
24.33	947.28
24.36	946.28
24.37	946.47
24.37	946.66
24.38	946.85
24.38	947.03
24.38	947.22
24.39	947.41
24.40	947.43
24.42	946.63
24.43	946.82
24.46	946.02
24.46	946.21
24.47	946.40
24.47	946.58
24.49	946.10
24.49	946.29
24.50	946.47
24.50	946.66
24.53	946.01
24.53	946.19
24.54	946.38
24.54	946.57
24.54	946.75
24.57	945.94
24.58	946.12
24.58	946.31
24.59	946.49
24.59	946.68
24.59	946.87
24.63	945.88
24.63	946.07
24.64	946.26
24.64	946.44
24.64	946.63
24.65	946.81
24.65	947.00
24.69	946.02
24.69	946.20
24.69	946.39
24.70	946.57
24.70	946.76
24.71	946.94
24.71	947.13
24.74	946.15
24.75	946.33
24.75	946.52
24.76	946.70
24.76	946.89
24.77	947.07
24.77	947.26
24.78	947.28
24.81	946.49
24.81	946.68
24.84	945.89
24.84	946.08
24.85	946.26
24.85	946.45
24.87	945.97
24.88	946.15
24.88	946.34
24.88	946.52
24.91	945.88
24.91	946.06
24.92	946.25
24.92	946.43
24.93	946.61
24.96	945.81
24.96	945.99
24.96	946.18
24.97	946.36
24.97	946.54
24.98	946.72
25.01	945.76
25.01	945.94
25.02	946.12
25.02	946.31
25.03	946.49
25.03	946.67
25.03	946.85
25.07	945.89
25.07	946.07
25.08	946.25
25.08	946.44
25.08	946.62
25.09	946.80
25.09	946.98
25.13	946.02
25.13	946.20
25.13	946.38
25.14	946.56
25.14	946.75
25.15	946.93
25.15	947.11
25.16	947.13
25.19	946.36
25.19	946.54
25.22	945.77
25.22	945.95
25.23	946.13
25.23	946.31
25.25	945.84
25.26	946.02
25.26	946.20
25.27	946.38
25.29	945.75
25.29	945.93
25.30	946.12
25.30	946.30
25.31	946.48
25.34	945.69
25.34	945.87
25.34	946.05
25.35	946.23
25.35	946.41
25.36	946.59
25.39	945.64
25.39	945.82
25.40	945.99
25.40	946.17
25.41	946.35
25.41	946.53
25.42	946.71
25.45	945.76
25.45	945.94
25.46	946.12
25.46	946.30
25.47	946.48
25.47	946.66
25.47	946.84
25.51	945.89
25.51	946.07
25.52	946.25
25.52	946.43
25.52	946.61
25.53	946.79
25.53	946.97
25.54	946.98
25.57	946.23
25.57	946.40
25.60	945.65
25.61	945.82
25.61	946.00
25.61	946.18
25.63	945.72
25.64	945.90
25.64	946.08
25.65	946.25
25.67	945.63
25.68	945.81
25.68	945.99
25.68	946.17
25.69	946.34
25.72	945.57
25.72	945.74
25.73	945.92
25.73	946.10
25.73	946.28
25.74	946.45
25.77	945.52
25.78	945.69
25.78	945.87
25.78	946.05
25.79	946.22
25.79	946.40
25.80	946.58
25.83	945.64
25.83	945.82
25.84	946.00
25.84	946.17
25.85	946.35
25.85	946.53
25.86	946.70
25.89	945.77
25.89	945.95
25.90	946.12
25.90	946.30
25.91	946.48
25.91	946.65
25.91	946.83
25.92	946.85
25.95	946.10
25.95	946.27
25.98	945.53
25.99	945.70
25.99	945.88
26.00	946.05
26.02	945.60
26.02	945.78
26.02	945.95
26.03	946.13
26.05	945.52
26.06	945.69
26.06	945.87
26.07	946.04
26.07	946.22
26.10	945.45
26.10	945.62
26.11	945.80
26.11	945.97
26.12	946.15
26.12	946.32
26.15	945.40
26.16	945.58
26.16	945.75
26.17	945.92
26.17	946.10
26.17	946.27
26.18	946.45
26.21	945.53
26.22	945.70
26.22	945.88
26.22	946.05
26.23	946.22
26.23	946.40
26.24	946.57
26.27	945.65
26.27	945.83
26.28	946.00
26.28	946.17
26.29	946.35
26.29	946.52
26.29	946.69
26.30	946.71
26.33	945.97
26.34	946.15
26.36	945.41
26.37	945.59
26.37	945.76
26.38	945.93
26.40	945.49
26.40	945.66
26.41	945.83
26.41	946.00
26.44	945.40
26.44	945.57
26.44	945.75
26.45	945.92
26.45	946.09
26.48	945.34
26.49	945.51
26.49	945.68
26.49	945.85
26.50	946.03
26.50	946.20
26.53	945.29
26.54	945.46
26.54	945.63
26.55	945.80
26.55	945.98
26.56	946.15
26.56	946.32
26.59	945.41
26.60	945.59
26.60	945.76
26.61	945.93
26.61	946.10
26.61	946.27
26.62	946.44
26.65	945.54
26.66	945.71
26.66	945.88
26.66	946.05
26.67	946.22
26.67	946.39
26.68	946.56
26.68	946.58
26.71	945.86
26.72	946.03
26.75	945.30
26.75	945.47
26.75	945.64
26.76	945.81
26.78	945.37
26.78	945.54
26.79	945.71
26.79	945.88
26.82	945.29
26.82	945.46
26.82	945.63
26.83	945.80
26.83	945.97
26.86	945.23
26.87	945.40
26.87	945.57
26.87	945.74
26.88	945.91
26.88	946.07
26.92	945.18
26.92	945.35
26.92	945.52
26.93	945.69
26.93	945.86
26.94	946.03
26.94	946.20
26.97	945.30
26.98	945.47
26.98	945.64
26.99	945.81
26.99	945.98
27.00	946.15
27.00	946.32
27.03	945.43
27.04	945.59
27.04	945.76
27.05	945.93
27.05	946.10
27.05	946.27
27.06	946.44
27.07	946.45
27.09	945.74
27.10	945.91
27.13	945.19
27.13	945.36
27.14	945.53
27.14	945.70
27.16	945.26
27.16	945.43
27.17	945.60
27.17	945.77
27.20	945.18
27.20	945.35
27.21	945.52
27.21	945.69
27.21	945.85
27.24	945.12
27.25	945.29
27.25	945.46
27.26	945.62
27.26	945.79
27.26	945.96
27.30	945.08
27.30	945.24
27.31	945.41
27.31	945.58
27.31	945.74
27.32	945.91
27.32	946.08
27.36	945.20
27.36	945.36
27.36	945.53
27.37	945.70
27.37	945.86
27.38	946.03
27.38	946.20
27.41	945.32
27.42	945.48
27.42	945.65
27.43	945.82
27.43	945.98
27.44	946.15
27.44	946.31
27.45	946.33
27.48	945.63
27.48	945.79
27.51	945.09
27.51	945.26
27.52	945.42
27.52	945.59
27.54	945.16
27.55	945.32
27.55	945.49
27.55	945.65
27.58	945.08
27.58	945.24
27.59	945.41
27.59	945.57
27.60	945.74
27.63	945.02
27.63	945.18
27.63	945.35
27.64	945.51
27.64	945.68
27.65	945.84
27.68	944.97
27.68	945.14
27.69	945.30
27.69	945.47
27.70	945.63
27.70	945.80
27.70	945.96
27.74	945.09
27.74	945.26
27.75	945.42
27.75	945.59
27.75	945.75
27.76	945.91
27.76	946.08
27.80	945.21
27.80	945.38
27.80	945.54
27.81	945.70
27.81	945.87
27.82	946.03
27.82	946.19
27.83	946.21
27.86	945.52
27.86	945.68
27.89	944.99
27.89	945.15
27.90	945.31
27.90	945.48
27.92	945.06
27.93	945.22
27.93	945.38
27.94	945.55
27.96	944.98
27.97	945.14
27.97	945.30
27.97	945.47
27.98	945.63
28.01	944.92
28.01	945.08
28.01	945.24
28.02	945.40
28.02	945.57
28.03	945.73
28.06	944.87
28.06	945.04
28.07	945.20
28.07	945.36
28.08	945.52
28.08	945.68
28.09	945.85
28.12	944.99
28.12	945.15
28.13	945.32
28.13	945.48
28.14	945.64
28.14	945.80
28.14	945.96
28.18	945.11
28.18	945.27
28.19	945.43
28.19	945.59
28.19	945.76
28.20	945.92
28.20	946.08
28.21	946.09
28.24	945.41
28.24	945.57
28.27	944.89
28.28	945.05
28.28	945.21
28.28	945.37
28.30	944.96
28.31	945.12
28.31	945.28
28.32	945.44
28.34	944.88
28.35	945.04
28.35	945.20
28.35	945.36
28.36	945.52
28.39	944.82
28.39	944.98
28.40	945.14
28.40	945.30
28.40	945.46
28.41	945.62
28.44	944.78
28.45	944.94
28.45	945.10
28.45	945.26
28.46	945.42
28.46	945.58
28.47	945.74
28.50	944.89
28.50	945.05
28.51	945.21
28.51	945.37
28.52	945.53
28.52	945.69
28.53	945.85
28.56	945.01
28.56	945.17
28.57	945.33
28.57	945.49
28.58	945.65
28.58	945.81
28.58	945.97
28.59	945.98
28.62	945.31
28.62	945.47
28.65	944.79
28.66	944.95
28.66	945.11
28.67	945.27
28.69	944.86
28.69	945.02
28.69	945.18
28.70	945.33
28.72	944.78
28.73	944.94
28.73	945.10
28.74	945.26
28.74	945.42
28.77	944.72
28.77	944.88
28.78	945.04
28.78	945.20
28.79	945.36
28.79	945.52
28.82	944.68
28.83	944.84
28.83	945.00
28.84	945.16
28.84	945.31
28.84	945.47
28.85	945.63
28.88	944.80
28.89	944.96
28.89	945.11
28.89	945.27
28.90	945.43
28.90	945.59
28.91	945.74
28.94	944.91
28.94	945.07
28.95	945.23
28.95	945.38
28.96	945.54
28.96	945.70
28.97	945.86
28.97	945.87
29.00	945.21
29.01	945.36
29.03	944.70
29.04	944.86
29.04	945.01
29.05	945.17
29.07	944.77
29.07	944.92
29.08	945.08
29.08	945.23
29.11	944.69
29.11	944.85
29.11	945.00
29.12	945.16
29.12	945.32
29.15	944.63
29.16	944.79
29.16	944.94
29.16	945.10
29.17	945.26
29.17	945.41
29.21	944.59
29.21	944.75
29.21	944.90
29.22	945.06
29.22	945.21
29.23	945.37
29.23	945.52
29.26	944.71
29.27	944.86
29.27	945.02
29.28	945.17
29.28	945.33
29.28	945.48
29.29	945.64
29.32	944.82
29.33	944.97
29.33	945.13
29.33	945.28
29.34	945.44
29.34	945.59
29.35	945.75
29.35	945.76
29.38	945.11
29.39	945.26
29.42	944.61
29.42	944.76
29.42	944.92
29.43	945.07
29.45	944.67
29.45	944.83
29.46	944.98
29.46	945.14
29.49	944.60
29.49	944.75
29.49	944.91
29.50	945.06
29.50	945.22
29.53	944.54
29.54	944.70
29.54	944.85
29.54	945.00
29.55	945.16
29.55	945.31
29.59	944.50
29.59	944.66
29.59	944.81
29.60	944.96
29.60	945.12
29.61	945.27
29.61	945.42
29.64	944.62
29.65	944.77
29.65	944.92
29.66	945.07
29.66	945.23
29.67	945.38
29.67	945.53
29.70	944.73
29.71	944.88
29.71	945.03
29.72	945.19
29.72	945.34
29.72	945.49
29.73	945.64
29.74	945.66
29.76	945.01
29.77	945.17
29.80	944.52
29.80	944.67
29.81	944.82
29.81	944.98
29.83	944.58
29.83	944.74
29.84	944.89
29.84	945.04
29.87	944.51
29.87	944.66
29.88	944.82
29.88	944.97
29.88	945.12
29.91	944.46
29.92	944.61
29.92	944.76
29.93	944.91
29.93	945.06
29.93	945.21
29.97	944.42
29.97	944.57
29.98	944.72
29.98	944.87
29.98	945.02
29.99	945.17
29.99	945.32
30.03	944.53
30.03	944.68
30.03	944.83
30.04	944.98
30.04	945.13
30.05	945.28
30.05	945.43
30.08	944.64
30.09	944.79
30.09	944.94
30.10	945.09
30.10	945.24
30.11	945.39
30.11	945.54
30.12	945.56
30.15	944.92
30.15	945.07
30.18	944.43
30.18	944.58
30.19	944.73
30.19	944.88
30.21	944.50
30.22	944.65
30.22	944.80
30.22	944.95
30.25	944.43
30.25	944.58
30.26	944.73
30.26	944.88
30.27	945.03
30.30	944.37
30.30	944.52
30.30	944.67
30.31	944.82
30.31	944.97
30.32	945.12
30.35	944.33
30.35	944.48
30.36	944.63
30.36	944.78
30.37	944.93
30.37	945.08
30.37	945.23
30.41	944.44
30.41	944.59
30.42	944.74
30.42	944.89
30.42	945.04
30.43	945.19
30.43	945.34
30.47	944.55
30.47	944.70
30.47	944.85
30.48	945.00
30.48	945.15
30.49	945.30
30.49	945.44
30.50	945.46
30.53	944.83
30.53	944.98
30.56	944.35
30.56	944.50
30.57	944.65
30.57	944.80
30.59	944.41
30.60	944.56
30.60	944.71
30.61	944.86
30.63	944.34
30.64	944.49
30.64	944.64
30.64	944.79
30.65	944.93
30.68	944.29
30.68	944.44
30.69	944.58
30.69	944.73
30.69	944.88
30.70	945.03
30.73	944.25
30.73	944.40
30.74	944.54
30.74	944.69
30.75	944.84
30.75	944.99
30.76	945.13
30.79	944.36
30.79	944.51
30.80	944.65
30.80	944.80
30.81	944.95
30.81	945.09
30.81	945.24
30.85	944.47
30.85	944.61
30.86	944.76
30.86	944.91
30.86	945.05
30.87	945.20
30.87	945.35
30.88	945.36
30.91	944.74
30.91	944.89
30.94	944.27
30.95	944.41
30.95	944.56
30.95	944.71
30.97	944.33
30.98	944.48
30.98	944.62
30.99	944.77
31.01	944.26
31.02	944.41
31.02	944.55
31.02	944.70
31.03	944.85
31.06	944.21
31.06	944.35
31.07	944.50
31.07	944.64
31.07	944.79
31.08	944.94
31.11	944.17
31.12	944.31
31.12	944.46
31.12	944.61
31.13	944.75
31.13	944.90
31.14	945.04
31.17	944.28
31.17	944.42
31.18	944.57
31.18	944.71
31.19	944.86
31.19	945.00
31.20	945.15
31.23	944.38
31.23	944.53
31.24	944.67
31.24	944.82
31.25	944.96
31.25	945.11
31.25	945.26
31.26	945.27
31.29	944.66
31.29	944.80
31.32	944.19
31.33	944.33
31.33	944.48
31.34	944.62
31.36	944.25
31.36	944.39
31.36	944.54
31.37	944.68
31.39	944.18
31.40	944.33
31.40	944.47
31.41	944.61
31.41	944.76
31.44	944.13
31.44	944.27
31.45	944.42
31.45	944.56
31.46	944.70
31.46	944.85
31.49	944.09
31.50	944.23
31.50	944.38
31.51	944.52
31.51	944.67
31.51	944.81
31.52	944.95
31.55	944.20
31.56	944.34
31.56	944.48
31.56	944.63
31.57	944.77
31.57	944.92
31.58	945.06
31.61	944.30
31.61	944.45
31.62	944.59
31.62	944.73
31.63	944.88
31.63	945.02
31.64	945.16
31.64	945.18
31.67	944.57
31.68	944.72
31.70	944.11
31.71	944.25
31.71	944.40
31.72	944.54
31.74	944.17
31.74	944.31
31.75	944.46
31.75	944.60
31.78	944.10
31.78	944.25
31.78	944.39
31.79	944.53
31.79	944.67
31.82	944.05
31.83	944.19
31.83	944.34
31.83	944.48
31.84	944.62
31.84	944.76
31.88	944.01
31.88	944.16
31.88	944.30
31.89	944.44
31.89	944.58
31.90	944.73
31.90	944.87
31.93	944.12
31.94	944.26
31.94	944.40
31.95	944.55
31.95	944.69
31.95	944.83
31.96	944.97
31.99	944.22
32.00	944.37
32.00	944.51
32.00	944.65
32.01	944.79
32.01	944.93
32.02	945.07
32.02	945.09
32.05	944.49
32.06	944.63
32.09	944.03
32.09	944.18
32.09	944.32
32.10	944.46
32.12	944.09
32.12	944.23
32.13	944.38
32.13	944.52
32.16	944.03
32.16	944.17
32.17	944.31
32.17	944.45
32.17	944.59
32.20	943.98
32.21	944.12
32.21	944.26
32.21	944.40
32.22	944.54
32.22	944.68
32.26	943.94
32.26	944.08
32.26	944.22
32.27	944.36
32.27	944.50
32.28	944.64
32.28	944.78
32.31	944.04
32.32	944.18
32.32	944.32
32.33	944.46
32.33	944.61
32.34	944.75
32.34	944.89
32.37	944.15
32.38	944.29
32.38	944.43
32.39	944.57
32.39	944.71
32.39	944.85
32.40	944.99
32.41	945.00
32.43	944.41
32.44	944.55
32.47	943.96
32.47	944.10
32.48	944.24
32.48	944.38
32.50	944.02
32.50	944.16
32.51	944.30
32.51	944.44
32.54	943.95
32.54	944.09
32.55	944.23
32.55	944.37
32.55	944.51
32.58	943.90
32.59	944.04
32.59	944.18
32.60	944.32
32.60	944.46
32.60	944.60
32.64	943.87
32.64	944.01
32.65	944.14
32.65	944.28
32.65	944.42
32.66	944.56
32.66	944.70
32.70	943.97
32.70	944.11
32.70	944.25
32.71	944.39
32.71	944.52
32.72	944.66
32.72	944.80
32.75	944.07
32.76	944.21
32.76	944.35
32.77	944.49
32.77	944.63
32.78	944.76
32.78	944.90
32.79	944.92
32.82	944.33
32.82	944.47
32.85	943.89
32.85	944.03
32.86	944.16
32.86	944.30
32.88	943.95
32.89	944.08
32.89	944.22
32.89	944.36
32.92	943.88
32.92	944.02
32.93	944.16
32.93	944.29
32.94	944.43
32.97	943.83
32.97	943.97
32.97	944.11
32.98	944.24
32.98	944.38
32.99	944.52
33.02	943.80
33.02	943.93
33.03	944.07
33.03	944.21
33.04	944.35
33.04	944.48
33.04	944.62
33.08	943.90
33.08	944.04
33.09	944.17
33.09	944.31
33.09	944.45
33.10	944.58
33.10	944.72
33.14	944.00
33.14	944.14
33.14	944.27
33.15	944.41
33.15	944.55
33.16	944.68
33.16	944.82
33.17	944.83
33.20	944.26
33.20	944.39
33.23	943.82
33.23	943.95
33.24	944.09
33.24	944.23
33.26	943.87
33.27	944.01
33.27	944.15
33.28	944.28
33.30	943.81
33.31	943.95
33.31	944.08
33.31	944.22
33.32	944.35
33.35	943.76
33.35	943.90
33.36	944.03
33.36	944.17
33.36	944.30
33.37	944.44
33.40	943.73
33.41	943.86
33.41	944.00
33.41	944.13
33.42	944.27
33.42	944.40
33.43	944.54
33.46	943.83
33.46	943.96
33.47	944.10
33.47	944.23
33.48	944.37
33.48	944.50
33.48	944.64
33.52	943.93
33.52	944.06
33.53	944.20
33.53	944.33
33.53	944.47
33.54	944.60
33.54	944.74
33.55	944.75
33.58	944.18
33.58	944.32
33.61	943.75
33.62	943.88
33.62	944.02
33.62	944.15
33.65	943.80
33.65	943.94
33.65	944.07
33.66	944.21
33.68	943.74
33.69	943.88
33.69	944.01
33.69	944.15
33.70	944.28
33.73	943.69
33.73	943.83
33.74	943.96
33.74	944.10
33.74	944.23
33.75	944.36
33.78	943.66
33.79	943.79
33.79	943.93
33.79	944.06
33.80	944.20
33.80	944.33
33.81	944.46
33.84	943.76
33.84	943.89
33.85	944.03
33.85	944.16
33.86	944.29
33.86	944.43
33.87	944.56
33.90	943.86
33.90	943.99
33.91	944.13
33.91	944.26
33.92	944.39
33.92	944.53
33.92	944.66
33.93	944.67
33.96	944.11
33.96	944.24
33.99	943.68
34.00	943.81
34.00	943.95
34.01	944.08
34.03	943.74
34.03	943.87
34.03	944.00
34.04	944.14
34.06	943.67
34.07	943.81
34.07	943.94
34.08	944.07
34.08	944.21
34.11	943.63
34.11	943.76
34.12	943.89
34.12	944.03
34.13	944.16
34.13	944.29
34.16	943.59
34.17	943.73
34.17	943.86
34.18	943.99
34.18	944.12
34.18	944.26
34.19	944.39
34.22	943.69
34.23	943.82
34.23	943.96
34.23	944.09
34.24	944.22
34.24	944.35
34.25	944.49
34.28	943.79
34.28	943.92
34.29	944.06
34.29	944.19
34.30	944.32
34.30	944.45
34.31	944.58
34.31	944.60
34.34	944.04
34.35	944.17
34.37	943.61
34.38	943.75
34.38	943.88
34.39	944.01
34.41	943.67
34.41	943.80
34.42	943.93
34.42	944.07
34.45	943.61
34.45	943.74
34.45	943.87
34.46	944.00
34.46	944.13
34.49	943.56
34.50	943.69
34.50	943.82
34.50	943.96
34.51	944.09
34.51	944.22
34.55	943.53
34.55	943.66
34.55	943.79
34.56	943.92
34.56	944.05
34.57	944.18
34.57	944.31
34.60	943.63
34.61	943.76
34.61	943.89
34.62	944.02
34.62	944.15
34.62	944.28
34.63	944.41
34.66	943.72
34.67	943.85
34.67	943.99
34.67	944.12
34.68	944.25
34.68	944.38
34.69	944.51
34.69	944.52
34.72	943.97
34.73	944.10
34.76	943.55
34.76	943.68
34.76	943.81
34.77	943.94
34.79	943.61
34.79	943.74
34.80	943.87
34.80	944.00
34.83	943.54
34.83	943.67
34.84	943.80
34.84	943.93
34.84	944.06
34.87	943.50
34.88	943.63
34.88	943.76
34.89	943.89
34.89	944.02
34.89	944.15
34.93	943.47
34.93	943.60
34.93	943.72
34.94	943.85
34.94	943.98
34.95	944.11
34.95	944.24
34.98	943.56
34.99	943.69
34.99	943.82
35.00	943.95
35.00	944.08
35.01	944.21
35.01	944.34
35.04	943.66
35.05	943.79
35.05	943.92
35.06	944.05
35.06	944.18
35.06	944.30
35.07	944.43
35.08	944.45
35.10	943.90
35.11	944.03
35.14	943.49
35.14	943.62
35.15	943.74
35.15	943.87
35.17	943.54
35.17	943.67
35.18	943.80
35.18	943.93
35.21	943.48
35.21	943.61
35.22	943.74
35.22	943.87
35.22	944.00
35.25	943.44
35.26	943.56
35.26	943.69
35.27	943.82
35.27	943.95
35.27	944.08
35.31	943.40
35.31	943.53
35.32	943.66
35.32	943.79
35.32	943.92
35.33	944.04
35.33	944.17
35.37	943.50
35.37	943.63
35.37	943.76
35.38	943.88
35.38	944.01
35.39	944.14
35.39	944.27
35.42	943.60
35.43	943.72
35.43	943.85
35.44	943.98
35.44	944.11
35.45	944.23
35.45	944.36
35.46	944.37
35.49	943.84
35.49	943.96
35.52	943.43
35.52	943.55
35.53	943.68
35.53	943.81
35.55	943.48
35.56	943.61
35.56	943.73
35.56	943.86
35.59	943.42
35.59	943.55
35.60	943.68
35.60	943.80
35.61	943.93
35.64	943.38
35.64	943.50
35.64	943.63
35.65	943.76
35.65	943.88
35.66	944.01
35.69	943.34
35.69	943.47
35.70	943.60
35.70	943.72
35.71	943.85
35.71	943.98
35.71	944.10
35.75	943.44
35.75	943.57
35.76	943.69
35.76	943.82
35.76	943.94
35.77	944.07
35.77	944.20
35.81	943.53
35.81	943.66
35.81	943.79
35.82	943.91
35.82	944.04
35.83	944.16
35.83	944.29
35.84	944.30
35.87	943.77
35.87	943.90
35.90	943.37
35.90	943.49
35.91	943.62
35.91	943.74
35.93	943.42
35.94	943.55
35.94	943.67
35.95	943.80
35.97	943.36
35.98	943.49
35.98	943.61
35.98	943.74
35.99	943.86
36.02	943.32
36.02	943.44
36.03	943.57
36.03	943.69
36.03	943.82
36.04	943.94
36.07	943.28
36.08	943.41
36.08	943.54
36.08	943.66
36.09	943.79
36.09	943.91
36.10	944.04
36.13	943.38
36.13	943.50
36.14	943.63
36.14	943.75
36.15	943.88
36.15	944.00
36.15	944.13
36.19	943.47
36.19	943.60
36.20	943.72
36.20	943.85
36.20	943.97
36.21	944.10
36.21	944.22
36.22	944.23
36.25	943.71
36.25	943.83
36.28	943.31
36.29	943.43
36.29	943.56
36.29	943.68
36.32	943.36
36.32	943.48
36.32	943.61
36.33	943.73
36.35	943.30
36.36	943.43
36.36	943.55
36.37	943.68
36.37	943.80
36.40	943.26
36.40	943.38
36.41	943.51
36.41	943.63
36.41	943.75
36.42	943.88
36.45	943.23
36.46	943.35
36.46	943.48
36.46	943.60
36.47	943.72
36.47	943.85
36.48	943.97
36.51	943.32
36.51	943.44
36.52	943.57
36.52	943.69
36.53	943.82
36.53	943.94
36.54	944.06
36.57	943.41
36.57	943.54
36.58	943.66
36.58	943.78
36.59	943.91
36.59	944.03
36.59	944.15
36.60	944.17
36.63	943.65
36.63	943.77
36.66	943.25
36.67	943.37
36.67	943.50
36.68	943.62
36.70	943.30
36.70	943.42
36.70	943.55
36.71	943.67
36.73	943.24
36.74	943.37
36.74	943.49
36.75	943.61
36.75	943.74
36.78	943.20
36.78	943.32
36.79	943.45
36.79	943.57
36.80	943.69
36.80	943.82
36.83	943.17
36.84	943.29
36.84	943.42
36.85	943.54
36.85	943.66
36.85	943.78
36.86	943.91
36.89	943.26
36.90	943.39
36.90	943.51
36.90	943.63
36.91	943.75
36.91	943.88
36.92	944.00
36.95	943.35
36.95	943.48
36.96	943.60
36.96	943.72
36.97	943.84
36.97	943.97
36.98	944.09
36.98	944.10
37.01	943.59
37.02	943.71
37.04	943.19
37.05	943.31
37.05	943.44
37.06	943.56
37.08	943.24
37.08	943.37
37.09	943.49
37.09	943.61
37.12	943.19
37.12	943.31
37.12	943.43
37.13	943.55
37.13	943.68
37.16	943.15
37.17	943.27
37.17	943.39
37.17	943.51
37.18	943.63
37.18	943.75
37.22	943.12
37.22	943.24
37.22	943.36
37.23	943.48
37.23	943.60
37.24	943.72
37.24	943.84
37.27	943.21
37.28	943.33
37.28	943.45
37.29	943.57
37.29	943.69
37.29	943.81
37.30	943.93
37.33	943.30
37.34	943.42
37.34	943.54
37.34	943.66
37.35	943.78
37.35	943.90
37.36	944.02
37.37	944.04
37.39	943.53
37.40	943.65
37.43	943.14
37.43	943.26
37.43	943.38
37.44	943.50
37.46	943.19
37.46	943.31
37.47	943.43
37.47	943.55
37.50	943.13
37.50	943.25
37.51	943.37
37.51	943.49
37.51	943.62
37.54	943.09
37.55	943.21
37.55	943.33
37.56	943.45
37.56	943.57
37.56	943.69
37.60	943.06
37.60	943.18
37.61	943.30
37.61	943.42
37.61	943.54
37.62	943.66
37.62	943.78
37.65	943.15
37.66	943.27
37.66	943.39
37.67	943.51
37.67	943.63
37.68	943.75
37.68	943.87
37.71	943.24
37.72	943.36
37.72	943.48
37.73	943.60
37.73	943.72
37.73	943.84
37.74	943.96
37.75	943.97
37.77	943.47
37.78	943.59
37.81	943.08
37.81	943.20
37.82	943.32
37.82	943.44
37.84	943.13
37.85	943.25
37.85	943.37
37.85	943.49
37.88	943.08
37.88	943.20
37.89	943.32
37.89	943.44
37.89	943.56
37.92	943.04
37.93	943.16
37.93	943.28
37.94	943.39
37.94	943.51
37.94	943.63
37.98	943.01
37.98	943.13
37.99	943.25
37.99	943.36
37.99	943.48
38.00	943.60
38.00	943.72
38.04	943.10
38.04	943.22
38.04	943.34
38.05	943.45
38.05	943.57
38.06	943.69
38.06	943.81
38.09	943.19
38.10	943.31
38.10	943.42
38.11	943.54
38.11	943.66
38.12	943.78
38.12	943.90
38.13	943.91
38.16	943.41
38.16	943.53
38.19	943.03
38.19	943.15
38.20	943.27
38.20	943.38
38.22	943.08
38.23	943.20
38.23	943.32
38.23	943.44
38.26	943.03
38.26	943.14
38.27	943.26
38.27	943.38
38.28	943.50
38.31	942.98
38.31	943.10
38.31	943.22
38.32	943.34
38.32	943.46
38.33	943.57
38.36	942.96
38.36	943.07
38.37	943.19
38.37	943.31
38.38	943.43
38.38	943.54
38.38	943.66
38.42	943.04
38.42	943.16
38.43	943.28
38.43	943.40
38.43	943.51
38.44	943.63
38.44	943.75
38.48	943.13
38.48	943.25
38.48	943.37
38.49	943.49
38.49	943.60
38.50	943.72
38.50	943.84
38.51	943.85
38.54	943.35
38.54	943.47
38.57	942.98
38.57	943.10
38.58	943.21
38.58	943.33
38.60	943.03
38.61	943.15
38.61	943.26
38.62	943.38
38.64	942.97
38.65	943.09
38.65	943.21
38.65	943.33
38.66	943.44
38.69	942.93
38.69	943.05
38.70	943.17
38.70	943.28
38.70	943.40
38.71	943.52
38.74	942.91
38.75	943.02
38.75	943.14
38.75	943.25
38.76	943.37
38.76	943.49
38.77	943.60
38.80	942.99
38.80	943.11
38.81	943.23
38.81	943.34
38.82	943.46
38.82	943.57
38.82	943.69
38.86	943.08
38.86	943.20
38.87	943.31
38.87	943.43
38.87	943.55
38.88	943.66
38.88	943.78
38.89	943.79
38.92	943.30
38.92	943.42
38.95	942.93
38.96	943.04
38.96	943.16
38.96	943.27
38.99	942.98
38.99	943.09
38.99	943.21
39.00	943.32
39.02	942.92
39.03	943.04
39.03	943.16
39.04	943.27
39.04	943.39
39.07	942.88
39.07	943.00
39.08	943.11
39.08	943.23
39.09	943.35
39.09	943.46
39.12	942.86
39.13	942.97
39.13	943.09
39.13	943.20
39.14	943.32
39.14	943.43
39.15	943.55
39.18	942.94
39.18	943.06
39.19	943.17
39.19	943.29
39.20	943.40
39.20	943.52
39.21	943.63
39.24	943.03
39.24	943.14
39.25	943.26
39.25	943.37
39.26	943.49
39.26	943.60
39.26	943.72
39.27	943.73
39.30	943.25
39.30	943.36
39.33	942.88
39.34	942.99
39.34	943.11
39.35	943.22
39.37	942.93
39.37	943.04
39.37	943.16
39.38	943.27
39.40	942.87
39.41	942.99
39.41	943.10
39.42	943.22
39.42	943.33
39.45	942.83
39.45	942.95
39.46	943.06
39.46	943.18
39.47	943.29
39.47	943.41
39.50	942.81
39.51	942.92
39.51	943.03
39.52	943.15
39.52	943.26
39.52	943.38
39.53	943.49
39.56	942.89
39.57	943.01
39.57	943.12
39.57	943.23
39.58	943.35
39.58	943.46
39.59	943.58
39.62	942.98
39.62	943.09
39.63	943.21
39.63	943.32
39.64	943.43
39.64	943.55
39.65	943.66
39.65	943.67
39.68	943.19
39.69	943.31
39.71	942.83
39.72	942.94
39.72	943.06
39.73	943.17
39.75	942.88
39.75	942.99
39.76	943.10
39.76	943.22
39.79	942.83
39.79	942.94
39.79	943.05
39.80	943.17
39.80	943.28
39.83	942.79
39.84	942.90
39.84	943.01
39.84	943.13
39.85	943.24
39.85	943.35
39.89	942.76
39.89	942.87
39.89	942.98
39.90	943.10
39.90	943.21
39.91	943.32
39.91	943.44
39.94	942.84
39.95	942.96
39.95	943.07
39.96	943.18
39.96	943.30
39.96	943.41
39.97	943.52
40.00	942.93
40.01	943.04
40.01	943.15
40.01	943.27
40.02	943.38
40.02	943.49
40.03	943.61
40.04	943.62
40.04	0.00
