1.01	0.00
1.03	13.16
1.04	303.37
1.06	348.68
1.06	478.79
1.07	589.89
1.07	685.86
1.08	688.60
1.09	759.34
1.09	822.83
1.10	880.15
1.10	932.14
1.10	979.52
1.11	1022.88
1.11	1062.70
1.12	1099.40
1.12	1133.33
1.12	1164.80
1.13	1194.07
1.13	1221.35
1.14	1246.85
1.14	1270.73
1.15	1293.14
1.15	1314.22
1.15	1334.08
1.16	1352.81
1.16	1370.53
1.17	1387.30
1.17	1403.19
1.17	1418.29
1.18	1432.64
1.18	1446.30
1.19	1459.31
1.19	1471.73
1.20	1483.59
1.20	1494.93
1.20	1505.79
1.21	1516.18
1.21	1526.15
1.22	1535.71
1.22	1544.90
1.22	1553.73
1.23	1562.23
1.25	1440.05
1.26	1449.48
1.28	1371.26
1.28	1380.90
1.29	1390.24
1.29	1399.31
1.30	1371.02
1.31	1379.87
1.31	1388.47
1.31	1396.84
1.32	1404.98
1.32	1412.91
1.33	1420.63
1.33	1428.14
1.33	1435.47
1.34	1442.61
1.34	1449.57
1.35	1456.36
1.35	1462.98
1.36	1469.44
1.36	1475.75
1.36	1481.92
1.37	1487.94
1.37	1493.82
1.38	1499.56
1.38	1505.18
1.38	1510.67
1.39	1516.05
1.39	1521.30
1.40	1526.45
1.40	1531.48
1.41	1536.41
1.41	1541.23
1.41	1545.96
1.42	1550.59
1.42	1555.12
1.43	1559.57
1.43	1563.93
1.43	1568.20
1.44	1572.39
1.44	1576.50
1.45	1580.53
1.45	1584.48
1.46	1588.36
1.46	1592.17
1.46	1595.91
1.47	1599.58
1.47	1603.19
1.48	1606.73
1.48	1610.20
1.48	1613.62
1.49	1616.98
1.49	1620.28
1.50	1623.52
1.50	1626.71
1.51	1629.84
1.51	1632.93
1.51	1635.96
1.52	1638.94
1.52	1641.88
1.53	1644.76
1.53	1647.60
1.53	1650.40
1.54	1653.15
1.54	1655.86
1.55	1658.52
1.55	1661.15
1.56	1663.73
1.56	1666.28
1.56	1668.79
1.57	1671.26
1.57	1673.69
1.58	1676.09
1.58	1678.45
1.58	1680.78
1.59	1683.08
1.59	1685.34
1.60	1687.57
1.60	1689.77
1.61	1691.94
1.61	1694.07
1.61	1696.18
1.62	1698.26
1.62	1700.31
1.63	1702.34
1.63	1704.33
1.63	1706.30
1.64	1708.25
1.64	1710.17
1.65	1712.06
1.65	1713.93
1.66	1715.77
1.66	1717.59
1.66	1719.39
1.67	1721.17
1.67	1722.92
1.68	1724.65
1.68	1726.36
1.68	1728.05
1.69	1729.72
1.69	1731.36
1.70	1732.99
1.70	1734.60
1.71	1736.19
1.71	1737.76
1.71	1739.31
1.72	1740.84
1.72	1742.36
1.73	1743.85
1.73	1745.33
1.73	1746.80
1.74	1748.24
1.76	1702.81
1.77	1704.44
1.79	1670.92
1.79	1672.68
1.80	1674.41
1.80	1676.12
1.81	1661.74
1.82	1663.49
1.82	1665.22
1.82	1666.93
1.83	1668.62
1.83	1670.30
1.84	1671.96
1.84	1673.60
1.84	1675.23
1.85	1676.84
1.85	1678.44
1.86	1680.02
1.86	1681.58
1.87	1683.13
1.87	1684.66
1.87	1686.18
1.88	1687.68
1.88	1689.17
1.89	1690.65
1.89	1692.11
1.89	1693.56
1.90	1694.99
1.90	1696.42
1.91	1697.82
1.91	1699.22
1.92	1700.60
1.92	1701.97
1.92	1703.33
1.93	1704.67
1.93	1706.00
1.94	1707.33
1.94	1708.63
1.94	1709.93
1.95	1711.22
1.95	1712.49
1.96	1713.75
1.96	1715.01
1.97	1716.25
1.97	1717.48
1.97	1718.70
1.98	1719.91
1.98	1721.11
1.99	1722.30
1.99	1723.47
1.99	1724.64
2.00	1725.80
2.00	1726.95
2.01	1728.09
2.01	1729.22
2.02	1730.34
2.02	1731.45
2.02	1732.55
2.03	1733.65
2.03	1734.73
2.04	1735.81
2.04	1736.87
2.04	1737.93
2.05	1738.98
2.05	1740.02
2.06	1741.06
2.06	1742.08
2.07	1743.10
2.07	1744.11
2.07	1745.11
2.08	1746.10
2.08	1747.09
2.09	1748.07
2.09	1749.04
2.09	1750.00
2.10	1750.96
2.10	1751.90
2.11	1752.85
2.11	1753.78
2.12	1754.71
2.12	1755.63
2.12	1756.54
2.13	1757.45
2.13	1758.35
2.14	1759.24
2.14	1760.12
2.14	1761.00
2.15	1761.88
2.15	1762.75
2.16	1763.61
2.16	1764.46
2.17	1765.31
2.17	1766.15
2.17	1766.99
2.18	1767.82
2.18	1768.64
2.19	1769.46
2.19	1770.27
2.19	1771.08
2.20	1771.88
2.20	1772.68
2.21	1773.47
2.21	1774.25
2.21	1775.03
2.22	1775.81
2.22	1776.58
2.23	1777.34
2.23	1778.10
2.24	1778.85
2.24	1779.60
2.24	1780.34
2.25	1781.08
2.25	1781.81
2.26	1782.54
2.26	1783.27
2.26	1783.98
2.27	1784.70
2.27	1785.41
2.28	1786.11
2.28	1786.81
2.29	1787.51
2.29	1788.20
2.29	1788.88
2.30	1789.57
2.32	1762.74
2.33	1763.49
2.35	1743.12
2.35	1743.91
2.36	1744.71
2.36	1745.49
2.37	1736.42
2.38	1737.22
2.38	1738.02
2.38	1738.82
2.39	1739.61
2.39	1740.39
2.40	1741.17
2.40	1741.94
2.40	1742.71
2.41	1743.48
2.41	1744.24
2.42	1745.00
2.42	1745.75
2.43	1746.49
2.43	1747.24
2.43	1747.98
2.44	1748.71
2.44	1749.44
2.45	1750.17
2.45	1750.89
2.45	1751.61
2.46	1752.32
2.46	1753.03
2.47	1753.73
2.47	1754.44
2.48	1755.13
2.48	1755.83
2.48	1756.52
2.49	1757.20
2.49	1757.88
2.50	1758.56
2.50	1759.24
2.50	1759.91
2.51	1760.57
2.51	1761.24
2.52	1761.89
2.52	1762.55
2.53	1763.20
2.53	1763.85
2.53	1764.50
2.54	1765.14
2.54	1765.78
2.55	1766.41
2.55	1767.04
2.55	1767.67
2.56	1768.29
2.56	1768.91
2.57	1769.53
2.57	1770.15
2.57	1770.76
2.58	1771.36
2.58	1771.97
2.59	1772.57
2.59	1773.17
2.60	1773.76
2.60	1774.36
2.60	1774.94
2.61	1775.53
2.61	1776.11
2.62	1776.69
2.62	1777.27
2.62	1777.84
2.63	1778.41
2.63	1778.98
2.64	1779.55
2.64	1780.11
2.65	1780.67
2.65	1781.23
2.65	1781.78
2.66	1782.33
2.66	1782.88
2.67	1783.42
2.67	1783.97
2.67	1784.51
2.68	1785.04
2.68	1785.58
2.69	1786.11
2.69	1786.64
2.70	1787.17
2.70	1787.69
2.70	1788.21
2.71	1788.73
2.71	1789.25
2.72	1789.76
2.72	1790.27
2.72	1790.78
2.73	1791.29
2.73	1791.79
2.74	1792.29
2.74	1792.79
2.75	1793.29
2.75	1793.78
2.75	1794.27
2.76	1794.76
2.76	1795.25
2.77	1795.74
2.77	1796.22
2.77	1796.70
2.78	1797.18
2.78	1797.65
2.79	1798.13
2.79	1798.60
2.80	1799.07
2.80	1799.54
2.80	1800.00
2.81	1800.46
2.81	1800.92
2.82	1801.38
2.82	1801.84
2.82	1802.29
2.83	1802.75
2.83	1803.20
2.84	1803.64
2.84	1804.09
2.85	1804.53
2.85	1804.98
2.85	1805.42
2.86	1805.85
2.88	1786.84
2.89	1787.31
2.91	1772.70
2.91	1773.19
2.91	1773.69
2.92	1774.18
2.93	1767.58
2.93	1768.08
2.94	1768.58
2.94	1769.08
2.95	1769.57
2.95	1770.07
2.96	1770.56
2.96	1771.05
2.96	1771.54
2.97	1772.02
2.97	1772.50
2.98	1772.99
2.98	1773.47
2.98	1773.94
2.99	1774.42
2.99	1774.89
3.00	1775.36
3.00	1775.83
3.01	1776.30
3.01	1776.76
3.01	1777.23
3.02	1777.69
3.02	1778.15
3.03	1778.61
3.03	1779.06
3.03	1779.52
3.04	1779.97
3.04	1780.42
3.05	1780.87
3.05	1781.31
3.06	1781.76
3.06	1782.20
3.06	1782.64
3.07	1783.08
3.07	1783.52
3.08	1783.96
3.08	1784.39
3.08	1784.82
3.09	1785.25
3.09	1785.68
3.10	1786.11
3.10	1786.53
3.11	1786.96
3.11	1787.38
3.11	1787.80
3.12	1788.22
3.12	1788.64
3.13	1789.05
3.13	1789.47
3.13	1789.88
3.14	1790.29
3.14	1790.70
3.15	1791.11
3.15	1791.51
3.16	1791.92
3.16	1792.32
3.16	1792.72
3.17	1793.12
3.17	1793.52
3.18	1793.91
3.18	1794.31
3.18	1794.70
3.19	1795.09
3.19	1795.48
3.20	1795.87
3.20	1796.26
3.21	1796.65
3.21	1797.03
3.21	1797.42
3.22	1797.80
3.22	1798.18
3.23	1798.56
3.23	1798.93
3.23	1799.31
3.24	1799.68
3.24	1800.06
3.25	1800.43
3.25	1800.80
3.26	1801.17
3.26	1801.54
3.26	1801.90
3.27	1802.27
3.27	1802.63
3.28	1802.99
3.28	1803.35
3.28	1803.71
3.29	1804.07
3.29	1804.43
3.30	1804.79
3.30	1805.14
3.31	1805.49
3.31	1805.85
3.31	1806.20
3.32	1806.55
3.32	1806.89
3.33	1807.24
3.33	1807.59
3.33	1807.93
3.34	1808.27
3.34	1808.62
3.35	1808.96
3.35	1809.30
3.36	1809.63
3.36	1809.97
3.36	1810.31
3.37	1810.64
3.37	1810.98
3.38	1811.31
3.38	1811.64
3.38	1811.97
3.39	1812.30
3.39	1812.63
3.40	1812.95
3.40	1813.28
3.41	1813.60
3.41	1813.93
3.41	1814.25
3.42	1814.57
3.44	1799.84
3.45	1800.18
3.47	1788.79
3.47	1789.15
3.47	1789.51
3.48	1789.86
3.49	1784.67
3.49	1785.03
3.50	1785.39
3.50	1785.75
3.51	1786.11
3.51	1786.46
3.52	1786.82
3.52	1787.17
3.52	1787.52
3.53	1787.87
3.53	1788.22
3.54	1788.57
3.54	1788.92
3.54	1789.27
3.55	1789.61
3.55	1789.96
3.56	1790.30
3.56	1790.64
3.57	1790.98
3.57	1791.32
3.57	1791.66
3.58	1792.00
3.58	1792.34
3.59	1792.67
3.59	1793.01
3.59	1793.34
3.60	1793.67
3.60	1794.00
3.61	1794.33
3.61	1794.66
3.62	1794.99
3.62	1795.32
3.62	1795.64
3.63	1795.97
3.63	1796.29
3.64	1796.61
3.64	1796.93
3.64	1797.25
3.65	1797.57
3.65	1797.89
3.66	1798.21
3.66	1798.53
3.67	1798.84
3.67	1799.16
3.67	1799.47
3.68	1799.78
3.68	1800.10
3.69	1800.41
3.69	1800.72
3.69	1801.03
3.70	1801.33
3.70	1801.64
3.71	1801.95
3.71	1802.25
3.72	1802.56
3.72	1802.86
3.72	1803.16
3.73	1803.46
3.73	1803.76
3.74	1804.06
3.74	1804.36
3.74	1804.66
3.75	1804.96
3.75	1805.25
3.76	1805.55
3.76	1805.84
3.77	1806.13
3.77	1806.43
3.77	1806.72
3.78	1807.01
3.78	1807.30
3.79	1807.59
3.79	1807.87
3.79	1808.16
3.80	1808.45
3.80	1808.73
3.81	1809.02
3.81	1809.30
3.81	1809.58
3.82	1809.87
3.82	1810.15
3.83	1810.43
3.83	1810.71
3.84	1810.99
3.84	1811.26
3.84	1811.54
3.85	1811.82
3.85	1812.09
3.86	1812.37
3.86	1812.64
3.86	1812.91
3.87	1813.19
3.87	1813.46
3.88	1813.73
3.88	1814.00
3.89	1814.27
3.89	1814.53
3.89	1814.80
3.90	1815.07
3.90	1815.34
3.91	1815.60
3.91	1815.86
3.91	1816.13
3.92	1816.39
3.92	1816.65
3.93	1816.92
3.93	1817.18
3.94	1817.44
3.94	1817.70
3.94	1817.95
3.95	1818.21
3.95	1818.47
3.96	1818.72
3.96	1818.98
3.96	1819.24
3.97	1819.49
3.97	1819.74
3.98	1820.00
4.00	1807.98
4.01	1808.25
4.01	0.00
