1.01	0.00
1.04	12.42
1.04	275.98
1.06	329.19
1.07	442.99
1.07	536.62
1.08	615.02
1.09	650.10
1.09	707.02
1.10	756.78
1.10	800.68
1.11	839.68
1.12	874.55
1.12	905.93
1.13	934.31
1.13	960.10
1.14	983.65
1.14	1005.22
1.15	1025.06
1.15	1043.38
1.16	1060.33
1.17	1076.07
1.17	1090.73
1.18	1104.40
1.18	1117.19
1.19	1129.18
1.19	1140.44
1.20	1151.03
1.20	1161.02
1.21	1170.46
1.22	1179.38
1.22	1187.83
1.23	1195.85
1.23	1203.46
1.24	1210.71
1.24	1217.61
1.25	1224.18
1.25	1230.47
1.26	1236.46
1.26	1242.20
1.29	1157.79
1.30	1164.43
1.32	1114.75
1.32	1121.60
1.33	1128.21
1.33	1134.60
1.34	1128.49
1.35	1134.60
1.35	1140.50
1.36	1146.22
1.36	1151.76
1.37	1157.13
1.38	1162.33
1.38	1167.39
1.39	1172.29
1.39	1177.04
1.40	1181.67
1.40	1186.16
1.41	1190.53
1.41	1194.77
1.42	1198.91
1.43	1202.93
1.43	1206.84
1.44	1210.66
1.44	1214.37
1.45	1218.00
1.45	1221.53
1.46	1224.97
1.46	1228.33
1.47	1231.61
1.48	1234.81
1.48	1237.93
1.49	1240.98
1.49	1243.97
1.50	1246.88
1.52	1200.50
1.53	1203.70
1.55	1173.99
1.55	1177.31
1.56	1180.56
1.57	1183.76
1.57	1179.37
1.58	1182.49
1.59	1185.55
1.59	1188.55
1.60	1191.49
1.60	1194.38
1.61	1197.22
1.61	1200.00
1.62	1202.73
1.62	1205.42
1.63	1208.05
1.64	1210.64
1.64	1213.18
1.65	1215.68
1.65	1218.13
1.66	1220.55
1.66	1222.92
1.67	1225.25
1.67	1227.55
1.68	1229.80
1.69	1232.02
1.69	1234.20
1.70	1236.35
1.70	1238.46
1.71	1240.54
1.71	1242.59
1.72	1244.60
1.72	1246.58
1.73	1248.54
1.74	1250.46
1.74	1252.35
1.75	1254.22
1.75	1256.05
1.76	1257.86
1.76	1259.65
1.77	1261.40
1.77	1263.14
1.78	1264.84
1.79	1266.52
1.79	1268.18
1.80	1269.82
1.80	1271.43
1.81	1273.02
1.81	1274.59
1.82	1276.13
1.82	1277.66
1.83	1279.16
1.84	1280.65
1.84	1282.11
1.85	1283.55
1.85	1284.98
1.86	1286.39
1.86	1287.78
1.87	1289.15
1.87	1290.50
1.88	1291.84
1.89	1293.16
1.89	1294.46
1.90	1295.75
1.90	1297.02
1.91	1298.27
1.91	1299.51
1.92	1300.73
1.92	1301.94
1.93	1303.14
1.94	1304.32
1.94	1305.48
1.95	1306.64
1.95	1307.77
1.96	1308.90
1.96	1310.01
1.97	1311.11
1.97	1312.20
1.98	1313.27
1.99	1314.33
1.99	1315.39
2.00	1316.42
2.00	1317.45
2.01	1318.47
2.01	1319.47
2.02	1320.46
2.02	1321.45
2.03	1322.42
2.04	1323.38
2.04	1324.33
2.05	1325.27
2.05	1326.20
2.06	1327.12
2.06	1328.03
2.07	1328.93
2.07	1329.82
2.08	1330.71
2.09	1331.58
2.09	1332.44
2.10	1333.30
2.10	1334.15
2.11	1334.99
2.11	1335.82
2.12	1336.64
2.12	1337.45
2.13	1338.26
2.14	1339.05
2.14	1339.84
2.15	1340.63
2.15	1341.40
2.16	1342.17
2.16	1342.93
2.17	1343.68
2.17	1344.42
2.18	1345.16
2.18	1345.89
2.19	1346.62
2.22	1324.75
2.22	1325.56
2.24	1310.56
2.25	1311.41
2.25	1312.25
2.26	1313.08
2.27	1310.18
2.27	1311.01
2.28	1311.84
2.28	1312.66
2.29	1313.47
2.30	1314.27
2.30	1315.07
2.31	1315.86
2.31	1316.65
2.32	1317.43
2.32	1318.20
2.33	1318.96
2.33	1319.72
2.34	1320.47
2.35	1321.22
2.35	1321.96
2.36	1322.69
2.36	1323.42
2.37	1324.14
2.37	1324.85
2.38	1325.56
2.38	1326.27
2.39	1326.97
2.40	1327.66
2.40	1328.35
2.41	1329.03
2.41	1329.71
2.42	1330.38
2.42	1331.04
2.43	1331.70
2.43	1332.36
2.44	1333.01
2.45	1333.65
2.45	1334.30
2.46	1334.93
2.46	1335.56
2.47	1336.19
2.47	1336.81
2.48	1337.42
2.48	1338.04
2.49	1338.64
2.50	1339.25
2.50	1339.85
2.51	1340.44
2.51	1341.03
2.52	1341.61
2.52	1342.19
2.53	1342.77
2.53	1343.34
2.54	1343.91
2.55	1344.47
2.55	1345.04
2.56	1345.59
2.56	1346.14
2.57	1346.69
2.57	1347.24
2.58	1347.78
2.58	1348.31
2.59	1348.84
2.60	1349.37
2.60	1349.90
2.61	1350.42
2.61	1350.94
2.62	1351.45
2.62	1351.96
2.63	1352.47
2.63	1352.98
2.64	1353.48
2.64	1353.97
2.65	1354.47
2.66	1354.96
2.66	1355.44
2.67	1355.93
2.67	1356.41
2.68	1356.89
2.68	1357.36
2.69	1357.83
2.69	1358.30
2.70	1358.77
2.71	1359.23
2.71	1359.69
2.72	1360.14
2.72	1360.60
2.73	1361.05
2.73	1361.49
2.74	1361.94
2.74	1362.38
2.75	1362.82
2.76	1363.25
2.76	1363.69
2.77	1364.12
2.77	1364.54
2.78	1364.97
2.78	1365.39
2.79	1365.81
2.79	1366.23
2.80	1366.64
2.81	1367.05
2.81	1367.46
2.82	1367.87
2.82	1368.28
2.83	1368.68
2.85	1354.07
2.86	1354.50
2.88	1344.31
2.89	1344.77
2.89	1345.23
2.90	1345.68
2.91	1343.60
2.91	1344.05
2.92	1344.51
2.92	1344.96
2.93	1345.41
2.93	1345.85
2.94	1346.29
2.94	1346.74
2.95	1347.17
2.96	1347.61
2.96	1348.04
2.97	1348.47
2.97	1348.90
2.98	1349.33
2.98	1349.75
2.99	1350.17
2.99	1350.59
3.00	1351.01
3.01	1351.42
3.01	1351.84
3.02	1352.25
3.02	1352.65
3.03	1353.06
3.03	1353.46
3.04	1353.86
3.04	1354.26
3.05	1354.66
3.06	1355.05
3.06	1355.44
3.07	1355.83
3.07	1356.22
3.08	1356.61
3.08	1356.99
3.09	1357.37
3.09	1357.75
3.10	1358.13
3.10	1358.50
3.11	1358.88
3.12	1359.25
3.12	1359.62
3.13	1359.99
3.13	1360.35
3.14	1360.72
3.14	1361.08
3.15	1361.44
3.15	1361.80
3.16	1362.15
3.17	1362.51
3.17	1362.86
3.18	1363.21
3.18	1363.56
3.19	1363.91
3.19	1364.26
3.20	1364.60
3.20	1364.94
3.21	1365.28
3.22	1365.62
3.22	1365.96
3.23	1366.29
3.23	1366.63
3.24	1366.96
3.24	1367.29
3.25	1367.62
3.25	1367.95
3.26	1368.27
3.27	1368.60
3.27	1368.92
3.28	1369.24
3.28	1369.56
3.29	1369.87
3.29	1370.19
3.30	1370.51
3.30	1370.82
3.31	1371.13
3.32	1371.44
3.32	1371.75
3.33	1372.06
3.33	1372.36
3.34	1372.67
3.34	1372.97
3.35	1373.27
3.35	1373.57
3.36	1373.87
3.37	1374.16
3.37	1374.46
3.38	1374.75
3.38	1375.05
3.39	1375.34
3.39	1375.63
3.40	1375.92
3.40	1376.21
3.41	1376.49
3.42	1376.78
3.42	1377.06
3.43	1377.34
3.43	1377.62
3.44	1377.90
3.44	1378.18
3.45	1378.46
3.45	1378.73
3.46	1379.01
3.47	1379.28
3.49	1368.31
3.50	1368.61
3.52	1360.89
3.52	1361.20
3.53	1361.50
3.53	1361.81
3.54	1360.19
3.55	1360.50
3.55	1360.80
3.56	1361.10
3.56	1361.40
3.57	1361.70
3.58	1362.00
3.58	1362.30
3.59	1362.60
3.59	1362.89
3.60	1363.19
3.60	1363.48
3.61	1363.77
3.61	1364.06
3.62	1364.35
3.63	1364.64
3.63	1364.92
3.64	1365.21
3.64	1365.49
3.65	1365.78
3.65	1366.06
3.66	1366.34
3.66	1366.62
3.67	1366.90
3.68	1367.17
3.68	1367.45
3.69	1367.72
3.69	1368.00
3.70	1368.27
3.70	1368.54
3.71	1368.81
3.71	1369.08
3.72	1369.35
3.73	1369.61
3.73	1369.88
3.74	1370.14
3.74	1370.41
3.75	1370.67
3.75	1370.93
3.76	1371.19
3.76	1371.45
3.77	1371.71
3.78	1371.97
3.78	1372.22
3.79	1372.48
3.79	1372.73
3.80	1372.99
3.80	1373.24
3.81	1373.49
3.81	1373.74
3.82	1373.99
3.83	1374.24
3.83	1374.48
3.84	1374.73
3.84	1374.98
3.85	1375.22
3.85	1375.46
3.86	1375.71
3.86	1375.95
3.87	1376.19
3.88	1376.43
3.88	1376.67
3.89	1376.91
3.89	1377.14
3.90	1377.38
3.90	1377.61
3.91	1377.85
3.91	1378.08
3.92	1378.31
3.93	1378.54
3.93	1378.77
3.94	1379.00
3.94	1379.23
3.95	1379.46
3.95	1379.69
3.96	1379.92
3.96	1380.14
3.97	1380.37
3.98	1380.59
3.98	1380.81
3.99	1381.03
3.99	1381.26
4.00	1381.48
4.00	1381.70
4.01	1381.91
4.01	1382.13
4.02	1382.35
4.03	1382.57
4.03	1382.78
4.04	1383.00
4.04	1383.21
4.05	1383.42
4.05	1383.64
4.06	1383.85
4.06	1384.06
4.06	0.00
